Word	Length	LgSUBTLWF	Ortho_N	OLD	BG_Sum	NPhon	NSyll	RT	Obs	ACC	dominance	signTest	biggest	Twilleyp1	Twilleyp2	Twilleyp3	U
angle	5	2.882	2	1.55	11254.00	4	2	620.941	34	0.97	0.693326235	1	78.70588235	0.19	0.03	0.01	0.37
arm	3	3.523	5	1.45	3548.00	3	1	671.857	35	1	0.534452813	1	70.6875	0.46	0.03		0.31
band	4	3.435	14	1	6022.00	4	1	653.412	34	1	0.269770778	1	59.72222222	0.31	0.14	0.01	0.92
bank	4	3.637	16	1.05	4546.00	4	1	561.25	32	0.97	0.676402471	0.058823529	77.64705882	0.54			0
bar	3	3.642	15	1	3742.00	3	1	572.97	33	0.97	0.921047286	0.928571429	93.85714286	0.29	0.03		0.39
bark	4	2.449	14	1.2	4012.00	4	1	637.824	34	0.97	0.35291	0.933333333	63	0.61	0.26		0.85
base	4	3.257	14	1	4260.00	3	1	540.813	32	0.97	0.789535056	1	85.72222222	0.32	0.07	0.06	1.58
bass	4	2.587	14	1.1	3800.00	3	1	612.613	31	0.97	0.315885056	0.666666667	58.83333333	0.13	0.09	0.16	1.37
bat	3	3.022	19	1	4958.00	3	1	583.706	34	1	0.295674667	0.8	52	0.39	0.07	0.04	1.19
bay	3	3.092	19	1	1200.00	2	1	706.176	34	1	0.733660824	1	82.35294118	0.16	0.13	0.07	1.61
bear	4	3.467	19	1	5638.00	3	1	565.765	34	1	0.540758353	0.352941176	72.11764706	0.08	0.01		0.05
bent	4	2.567	17	1	7692.00	4	1	605.727	33	1	0.915715882	1	92.94117647	0.18	0.05		0.76
blow	4	3.697	8	1.35	3335.00	3	1	619.118	34	1	0.323113357	0.428571429	62.5	0.16	0.11	0.04	1.45
bluff	5	2.502	1	1.85	2289.00	4	1	697.706	34	1	0.757417938	0.0625	84.1875	0.16	0.03	0.02	0.67
boil	4	2.483	7	1.5	2546.00	3	1	625.8	35	1	0.65514125	1	76.5625	0.45	0.01		0.29
bolt	4	2.547	11	1.4	2433.00	4	1	704.333	33	1	0.83383945	1	88.55	0.18	0.22	0.1	1.55
boom	4	3.047	10	1.3	2907.00	3	1	653.452	31	0.94	0.717446235	1	81.52941176	0.16	0.05	0.01	0.63
bound	5	2.974	7	1.5	6057.00	4	1	639.606	33	1	0.241176471	0.705882353	41.17647059	0.15	0.05	0.01	0.96
bow	3	3.015	18	1	1450.00	2	1	657.294	34	1	0.380111211	0.842105263	53.94736842	0.3	0.19	0.03	1.97
bowl	4	3.039	9	1.35	1535.00	3	1	602.03	33	0.94	0.464453667	0.944444444	66.61111111	0.11	0.05	0.02	0.96
box	3	3.661	10	1.4	860.00	4	1	697.029	34	1	0.430491533	0.933333333	63	0.12	0.01	0.01	0.38
bridge	6	3.368	2	1.75	5644.00	4	1	559.088	34	0.97	0.743553938	1	82.125	0.21	0.09	0.01	0.98
brush	5	2.859	3	1.7	4002.00	4	1	639.382	34	1	0.509176813	1	70.625	0.42	0.02		0.18
calf	4	2.182	3	1.85	4968.00	3	1	636.323	31	0.91	0.361765214	0.428571429	63.92857143	0.65	0.08		0.53
cap	3	2.981	18	1	2676.00	3	1	597.094	32	0.97	0.668362786	1	79.57142857	0.45	0.02	0.01	0.43
cape	4	2.624	14	1.1	4339.00	3	1	634.968	31	0.91	0.546789438	1	72.1875	0.16	0.23		0.99
capital	7	2.812	1	2.55	10615.00	6	3	625.281	32	0.97	0.858015118	1	90.88235294	0.35	0.06	0.07	1.49
card	4	3.639	12	1.15	5396.00	4	1	605.091	33	0.97	0.891800588	1	91.47058824	0.2	0.1	0.01	1.08
chip	4	3.022	8	1.35	3129.00	3	1	579.382	34	1	0.5720508	0.933333333	74.86666667	0.13	0.03	0.09	1.02
chop	4	2.842	7	1.45	3462.00	3	1	639.794	34	1	0.8202382	1	82	0.09	0.21	0.01	1.15
chuck	5	3.04	6	1.7	3193.00	3	1	731.71	31	0.91	0.621991857	0.928571429	70.64285714	0.17	0.14	0.03	2.08
clip	4	2.464	6	1.6	3853.00	4	1	613.229	35	1	0.340936125	0.5625	61.5625	0.3	0.07	0.02	1.07
compact	7	1.94	0	2.45	8269.00	7	2	614.853	34	1	0.783118125	1	83.4375	0.36	0.16	0.1	2.11
compound	8	2.559	0	2.7	10936.00	7	2	668.353	34	1	0.431180944	0.944444444	65.83333333	0.13	0.09	0.1	1.8
console	7	2.061	0	2.35	14431.00	6	2	724.788	33	0.97	0.543417471	0.764705882	70.88235294	0.12	0.07		0.9
corn	4	2.861	11	1.2	5700.00	4	1	555.424	33	0.97	0.832103765	1	88.64705882	0.35	0.01		0.09
count	5	3.662	2	1.8	9022.00	4	1	588.714	35	1	0.839976118	1	87	0.26	0.16	0.02	0.88
counter	7	2.851	1	1.9	19579.00	5	2	588.265	34	1	0.465625063	0.625	60.3125	0.24	0.04	0.03	1.3
crab	4	2.548	7	1.55	4912.00	4	1	619.313	32	0.94	0.515377063	0.9375	70.625	0.15	0.03	0.05	0.81
cricket	7	2.161	0	1.95	9156.00	6	2	667.794	34	0.97	0.442616067	0.933333333	67.66666667	0.12	0.15		0.98
cue	3	2.6	8	1.35	1060.00	3	1	641.065	31	0.94	0.447682333	0.733333333	67.06666667	0.42	0.03		0.86
cuff	4	2.465	4	1.7	1185.00	3	1	694.828	29	0.85	0.759348063	0.9375	85.625	0.24	0.1		0.69
desert	6	3.155	0	1.9	16286.00	5	2	608.647	34	1	0.272392357	1	59.28571429	0.17	0.02		0.3
dove	4	2.455	13	1.15	3030.00	3	1	631.657	35	1	0.420413625	0.75	66.5625	0.31	0.09	0.02	0.86
drill	5	2.846	2	1.8	6319.00	4	1	626.273	33	0.97	0.838820684	1	84.68421053	0.13	0.08		0.89
drove	5	3.168	5	1.6	4981.00	4	1	753.647	34	0.97	0.759683444	1	83.16666667	0.41	0.01	0.02	0.44
duck	4	3.102	11	1.35	1745.00	3	1	546.182	33	1	0.296027118	0.764705882	58.82352941	0.15	0.01		0.35
ear	3	3.213	11	1	4780.00	2	1	550.1	30	0.88	0.736826125	1	81.0625	0.16			0
entrance	8	2.904	0	2.6	18145.00	7	2	640.2	30	0.97	0.726483	1	82.94117647	0.62	0.01		0.09
fair	4	3.684	5	1.45	2156.00	3	1	552.968	31	1	0.509374533	0.933333333	69.8	0.06	0.03	0.03	1.89
fan	3	3.254	14	1	3911.00	3	1	546.824	34	0.97	0.170634933	0.733333333	56	0.21	0.05		0.72
file	4	3.352	14	1.15	5648.00	3	1	628.088	34	1	0.362550556	0.833333333	63.61111111	0.2	0.08	0.01	0.82
firm	4	3.255	4	1.7	2192.00	3	1	560.714	35	1	0.214517643	1	58.21428571	0.13	0.04		0.61
fit	3	3.468	14	1.05	2977.00	3	1	618.133	30	0.91	0.467421579	1	69.26315789	0.06	0.08	0.02	1.29
flat	4	3.127	11	1.3	6673.00	4	1	571.471	34	1	0.643307889	1	77.22222222	0.11	0.02	0.02	0.62
fleet	5	2.733	2	1.75	6113.00	4	1	674.781	32	0.94	0.661998176	1	79.41176471	0.3	0.02		0.41
flight	6	3.484	5	1.55	4850.00	4	1	586.645	31	1	0.767768692	1	83.46153846	0.36	0.01	0.02	0.39
flush	5	2.68	5	1.7	3817.00	4	1	643.594	32	0.97	0.504104167	0.944444444	59.44444444	0.77	0.06	0.02	0.82
fly	3	3.637	4	1.75	2017.00	3	1	541.697	33	1	0.249827667	0.888888889	58.61111111	0.11	0.11	0.01	1.2
foil	4	1.799	9	1.5	2372.00	3	1	634.25	32	0.94	0.5584562	0.2	70.66666667	0.28	0.02	0.02	0.87
fold	4	2.644	11	1.35	2217.00	4	1	598.313	32	0.97	0.820962353	1	88.23529412	0.23	0.01		0.09
gag	3	2.558	16	1	1398.00	3	1	688.586	29	0.88	0.675374563	0.9375	79.0625	0.2	0.16	0.03	1.43
gin	3	2.76	11	1.25	7473.00	3	1	729.929	28	0.88	0.686760933	0.933333333	75.13333333	0.37	0.07		0.42
glare	5	1.919	6	1.65	9962.00	4	1	602.091	33	0.94	0.550194867	1	73.66666667	0.13	0.25		1
grate	5	1.724	8	1.35	12434.00	4	1	689.688	32	0.94	0.573416286	0.785714286	74.57142857	0.62	0.03	0.01	0.76
grave	5	3.127	9	1.25	6142.00	4	1	632.471	34	0.97	0.467433625	1	56.25	0.27	0.01		0.27
ground	6	3.568	1	1.8	8184.00	5	1	547.156	32	0.97	0.578487	0.923076923	73.69230769	0.12	0.12		0.69
hail	4	2.788	14	1.15	3496.00	3	1	652.688	32	0.97	0.357693706	0.588235294	63.88235294	0.25	0.1		0.83
ham	3	2.772	18	1	2090.00	3	1	632.424	33	0.97	0.760599375	1	84.375	0.11	0.01		0.21
hamper	6	1.863	6	1.65	10793.00	5	2	720.25	32	1	0.5656272	0.133333333	72.6	0.56	0.03		0.49
hatch	5	2.816	8	1.5	7082.00	3	1	611.719	32	0.97	0.548868278	1	69.11111111	0.27	0.15		1
heel	4	2.578	7	1.5	4353.00	3	1	582.9	30	0.97	0.838520588	0.941176471	88.47058824	0.25	0.04		0.35
hide	4	3.551	10	1.35	4533.00	3	1	555.969	32	0.97	0.603767938	1	73.125	0.51	0.01		0.39
hop	3	2.99	12	1.15	1945.00	3	1	607.606	33	0.97	0.781257944	1	83.44444444	0.26	0.05	0.01	0.5
host	4	2.885	7	1.45	5604.00	4	1	570.576	33	1	0.703240188	1	74.625	0.21	0.04	0.02	0.63
hull	4	2.335	15	1.25	2942.00	3	1	708.7	30	0.94	0.7157016	0.333333333	80.66666667	0.22	0.13	0.02	1.27
husky	5	1.914	3	1.8	2077.00	5	2	729.935	31	0.97	0.3460472	0.866666667	63.33333333	0.46	0.08	0.07	1.46
incense	7	1.969	1	2.5	17643.00	6	2	762.667	30	0.88	0.758170063	0.875	84.25	0.32	0.02		0.36
intimate	8	2.551	0	2.3	25847.00	7	3	722.233	30	0.91	0.782362333	1	85.83333333	0.21	0.01		0.05
invalid	7	1.949	0	2.75	14266.00	7	3	686.219	32	0.94	0.621356125	0.125	76.5625	0.1	0.07		0.92
jam	3	2.84	14	1.2	1067.00	3	1	580.788	33	0.94	0.283333267	0.6	60.33333333	0.2	0.01	0.01	0.4
jar	3	2.628	14	1.2	3087.00	3	1	570.394	33	1	0.696866563	1	80.375	0.4	0.01		0.12
jerk	4	3.228	1	1.85	6579.00	3	1	590	32	0.94	0.773636529	0.823529412	81.94117647	0.09	0.11		0.93
jet	3	2.859	13	1.25	1501.00	3	1	548.97	33	0.97	0.837869615	0.923076923	88.15384615	0.45	0.04		0.42
junk	4	2.895	9	1.5	2322.00	4	1	647.469	32	0.97	0.961493263	1	96.68421053	0.19	0.01		0.09
key	3	3.647	3	1.8	1134.00	2	1	543.515	33	0.97	0.812494278	1	85.55555556	0.3	0.01	0.01	0.35
lap	3	2.838	18	1	2892.00	3	1	625.824	34	1	0.472882429	0.857142857	63.21428571	0.17	0.03	0.03	1.13
lash	4	1.935	13	1.1	4766.00	3	1	702.727	33	0.94	0.693284167	0.944444444	82.5	0.21	0.15	0.01	0.87
lead	4	3.628	12	1.2	6282.00	3	1	585.129	31	0.94	0.407529833	1	65.33333333	0.36	0.18		0.92
lean	4	2.724	11	1.25	8714.00	3	1	556.938	32	0.94	0.4265056	0.733333333	65.33333333	0.14	0.04		0.88
lime	4	2.228	13	1.2	5375.00	3	1	595.794	34	1	0.7686455	0.071428571	82.21428571	0.41	0.03		0.33
limp	4	2.274	7	1.45	4512.00	4	1	613.387	31	0.94	0.330817857	0.857142857	62.14285714	0.15	0.04		0.98
loaf	4	2.36	4	1.75	2121.00	3	1	585.552	29	0.91	0.472652938	0.9375	69.0625	0.82	0.03		0.32
lock	4	3.46	15	1.05	3060.00	3	1	583.419	31	0.91	0.655845765	1	76.76470588	0.33	0	0	0.13
log	3	2.786	14	1.05	1975.00	3	1	593.364	33	1	0.587499059	0.941176471	74.05882353	0.16	0.04	0.01	0.69
low	3	3.48	16	1	2155.00	2	1	560.455	33	1	0.945419	1	95	0.61			0
mark	4	3.622	13	1.2	4915.00	4	1	672.303	33	0.97	0.917428889	1	93	0.07	0.03	0.02	1.58
maroon	6	1.792	0	2	12320.00	5	2	863.25	28	0.88	0.674779071	0.928571429	79.07142857	0.17	0.12	0.01	1
match	5	3.402	8	1.55	7617.00	3	1	561.156	32	1	0.358907188	0.3125	63.5625	0.22	0.03	0.06	1.29
meal	4	3.168	12	1.15	6620.00	3	1	562.886	35	1	0.7383435	1	82.94444444	0.26	0.01		0.09
mint	4	2.444	12	1.4	11285.00	4	1	607.667	33	1	0.521693118	0.764705882	69.88235294	0.25	0.05		0.54
nag	3	2.049	14	1.25	2211.00	3	1	708.147	34	1	0.884699867	1	91.53333333	0.16	0.04		0.26
nap	3	2.81	15	1.1	2300.00	3	1	604.118	34	1	0.9349016	1	94.6	0.67	0.01		0.05
net	3	2.9	14	1.05	3629.00	3	1	596.355	31	0.97	0.57086725	0.8125	73.4375	0.33	0.04		0.6
novel	5	2.711	2	1.8	4975.00	4	2	657.088	34	1	0.610680467	1	76.13333333	0.66	0.06		0.45
pack	4	3.35	16	1.15	3504.00	3	1	593.303	33	1	0.741469353	0.941176471	84.05882353	0.1	0.06	0.02	1.01
pad	3	2.619	18	1	2149.00	3	1	609.563	32	0.94	0.703317118	1	79.11764706	0.34	0.04	0.04	1.33
page	4	3.282	11	1.35	3093.00	3	1	627.719	32	0.97	0.792494688	0.9375	85.875	0.17	0.03		0.6
palm	4	2.83	5	1.55	4267.00	4	1	617.903	31	0.94	0.469849941	1	68.52941176	0.42	0.16		0.89
pat	3	2.97	22	1	5279.00	3	1	634.781	32	0.97	0.841738	1	90	0.09	0.02	0.01	0.86
pawn	4	2.346	6	1.5	1489.00	3	1	657.212	33	0.97	0.270795385	0.769230769	60	0.15	0.29		0.98
peer	4	1.898	12	1.2	8695.00	3	1	638.438	32	0.94	0.465811923	0.923076923	69.23076923	0.31	0.12		0.78
pen	3	3.101	19	1	5479.00	3	1	610.882	34	1	0.652280333	1	78.13333333	0.43	0.02		0.24
pet	3	3.013	21	1	3017.00	3	1	616.529	34	1	0.900898056	1	92.77777778	0.53	0.01		0.12
pile	4	2.828	14	1.15	5669.00	3	1	576.839	31	0.94	0.757669	0.941176471	78.64705882	0.13	0.02	0.01	0.34
pipe	4	2.996	6	1.45	3010.00	3	1	671.485	33	0.97	0.794753056	1	88.33333333	0.32	0.06	0.03	1.31
pit	3	2.829	16	1	2998.00	3	1	606.909	33	1	0.612861267	0.733333333	75	0.15	0.06		0.73
pitch	5	2.899	7	1.55	4754.00	3	1	614.176	34	1	0.850500947	1	88.15789474	0.23	0.02	0.02	0.92
pitcher	7	2.22	2	1.85	12665.00	4	2	597.941	34	1	0.320728412	0.647058824	62.64705882	0.16	0.24		1
plane	5	3.688	5	1.4	8554.00	4	1	643.939	33	0.97	0.770883647	0.882352941	83.47058824	0.27	0.02		0.39
plot	4	2.772	7	1.45	3151.00	4	1	623.206	34	1	0.520722067	0.8	68	0.21	0.06	0.1	1.78
poker	5	2.914	5	1.65	8364.00	4	2	636.563	32	0.94	0.549681882	0.294117647	73.52941176	0.23	0.04		0.44
pool	4	3.38	9	1.45	3299.00	3	1	581.061	33	1	0.399473333	0.833333333	64.5	0.32	0.08	0.01	0.89
port	4	2.87	12	1.25	4832.00	4	1	647.182	33	0.97	0.363727688	0.8125	47.5	0.15	0.04	0.02	1.03
post	4	3.219	12	1.25	5485.00	4	1	612.273	33	0.97	0.179748813	0.5625	42.875	0.34	0.04	0.01	1.17
pot	3	3.061	17	1	1980.00	3	1	535.794	34	1	0.332199714	0.714285714	62.14285714	0.17	0.06		0.76
pound	5	2.851	7	1.55	6368.00	4	1	591.03	33	0.97	0.328393765	0.235294118	50.52941176	0.11	0.06	0.13	1.7
present	7	3.659	1	1.8	19240.00	6	2	654.125	32	0.97	0.077380929	0.857142857	52.85714286	0.3	0.1	0.04	1.54
press	5	3.487	2	1.9	11946.00	4	1	570.059	34	1	0.896636647	1	91.41176471	0.1	0.06	0.12	1.48
prune	5	1.881	2	1.75	6139.00	4	1	709.333	33	0.97	0.443560267	0.933333333	68	0.2	0.02		0.21
pump	4	2.81	10	1.35	1904.00	4	1	610.364	33	0.97	0.710876	1	81.875	0.25			0
punch	5	3.18	5	1.65	5167.00	4	1	655.969	32	0.94	0.4373358	0.733333333	57.66666667	0.17	0.07	0.03	0.98
pupil	5	2.207	1	2.1	3054.00	5	2	626.97	33	0.97	0.509831133	0.266666667	69.93333333	0.49	0.29		0.91
quack	5	2.375	2	1.85	3385.00	4	1	692.323	31	0.91	0.566277375	0.6875	75.0625	0.69	0.14		0.8
race	4	3.499	14	1	6206.00	3	1	564.182	33	1	0.122548941	0.882352941	54.11764706	0.24	0.02		0.26
rake	4	2.185	16	1.05	4339.00	3	1	612.862	29	0.91	0.7717622	1	84.15	0.5			0
rank	4	2.638	12	1.1	6879.00	4	1	623.242	33	1	0.595720316	1	74.84210526	0.13	0.05		0.57
rap	3	2.824	19	1	3983.00	3	1	705.424	33	1	0.747123	0.0625	80.3125	0.49	0.03		0.47
rare	4	3.037	16	1.1	10617.00	3	1	566.97	33	0.97	0.449431263	1	67.36842105	0.04	0.16		0.99
rash	4	2.614	11	1.25	5857.00	3	1	662.091	33	0.97	0.363122944	0.555555556	62.5	0.26	0.02		0.35
rear	4	2.803	16	1.1	9322.00	3	1	647.853	34	1	0.505162188	1	70	0.32	0.02	0.01	0.26
reel	4	2.223	8	1.35	7146.00	3	1	627.063	32	0.91	0.777058882	0.882352941	82.11764706	0.3	0.05	0.01	0.82
refrain	7	2.021	0	2.6	16291.00	6	2	640.6	35	1	0.410437667	1	66.66666667	0.37	0.07		0.75
refuse	6	3.03	3	1.7	8897.00	6	2	627.515	33	0.97	0.662396188	1	78.75	0.24	0.14		0.75
rent	4	3.246	15	1.2	11376.00	4	1	607.906	32	0.97	0.887482526	1	90	0.15			0
rib	3	2.48	11	1.35	3268.00	3	1	621.912	34	1	0.9055556	1	92.33333333	0.13	0.01	0.01	0.23
ring	4	3.675	10	1.3	13688.00	3	1	545.333	33	1	0.135531067	0.933333333	54.33333333	0.14	0.11		0.91
rock	4	3.643	12	1.2	3734.00	3	1	543.879	33	1	0.142085895	0.842105263	54.47368421	0.28	0.08	0.01	1.1
root	4	2.728	12	1.2	3974.00	3	1	634.371	35	1	0.389223053	0.526315789	57.15789474	0.31	0.02	0.02	0.65
rose	4	3.432	18	1	5019.00	3	1	594.152	33	1	0.312111278	0.944444444	62.5	0.3	0.01	0.01	0.31
row	3	3.128	17	1	2829.00	2	1	641.667	33	1	0.294290941	0.823529412	55.52941176	0.55	0.09	0.02	0.98
rubber	6	2.854	3	1.8	8236.00	4	2	662.588	34	1	0.956178067	1	96.33333333	0.24	0.15		0.61
rung	4	1.857	9	1.45	6439.00	3	1	760.769	26	0.76	0.628917333	0.8	76.33333333	0.42	0.09	0.04	1.47
sack	4	2.82	13	1	3142.00	3	1	677.469	32	0.97	0.595559167	1	72.22222222	0.26	0.05	0.02	0.8
sage	4	1.954	14	1.05	2731.00	3	1	659.03	33	1	0.4975494	0.533333333	70.66666667	0.3	0.04		0.58
sap	3	2.253	21	1	1609.00	3	1	756.308	26	0.81	0.675841467	1	79.13333333	0.68	0.02	0.01	0.46
sash	4	1.771	10	1.25	3483.00	3	1	731.182	22	0.67	0.780357357	0.928571429	84.42857143	0.18	0.03		0.27
scale	5	2.687	6	1.55	9160.00	4	1	576.879	33	0.97	0.523865	0	63.0625	0.45	0.03	0.01	1.02
scrap	5	2.35	3	1.7	5656.00	5	1	624.515	33	0.97	0.366522313	0.9375	65.3125	0.22	0.13		0.61
scrub	5	2.504	1	1.95	2714.00	5	1	614.647	34	1	0.470072765	0.882352941	68.82352941	0.21	0.02	0.01	0.19
seal	4	2.877	15	1.1	6910.00	3	1	599.727	33	0.97	0.392951526	0.789473684	64.21052632	0.08	0.08		0.99
shed	4	2.749	6	1.5	7529.00	3	1	628.813	32	0.97	0.31688995	0.9	62	0.08	0.1		0.99
shower	6	3.322	2	1.8	9821.00	3	1	653.455	33	0.97	0.8921132	1	91.06666667	0.14	0.01	0.01	0.23
sling	5	2.072	8	1.5	13992.00	4	1	744.069	29	0.88	0.928796385	1	94.23076923	0.38	0.19	0.01	1.11
slip	4	3.121	11	1.3	3704.00	4	1	542.758	33	1	0.75943925	1	82.8125	0.32	0.07	0.03	1.09
slug	4	2.405	7	1.5	1328.00	4	1	633.469	32	0.97	0.521219	0.8125	71.5625	0.08	0.08	0.05	1.22
smack	5	2.687	5	1.6	4612.00	4	1	581.667	33	0.97	0.626810176	0.058823529	73.47058824	0.33	0.14	0.01	1.03
smelt	5	1.724	1	1.85	4372.00	5	1	724.586	29	0.88	0.623479357	0.214285714	73.64285714	0.08	0.04	0.14	1.56
sock	4	2.662	13	1.15	2373.00	3	1	564.441	34	1	0.555422214	0.928571429	72.5	0.34	0.01		0.22
sole	4	2.43	11	1.3	5496.00	3	1	616.788	33	0.94	0.466655611	0.444444444	66.94444444	0.41	0.17	0.03	1.22
sow	3	1.996	17	1	1468.00	2	1	734.1	30	0.94	0.699473077	0.692307692	80	0.35	0.09		0.97
spade	5	2.076	4	1.75	5579.00	4	1	657.594	32	0.97	0.594246188	0.4375	74.375	0.34	0.09		0.87
spell	5	3.272	4	1.7	5843.00	4	1	564.606	33	1	0.337768556	0.888888889	53.16666667	0.11	0.08		0.65
spray	5	2.693	2	1.7	5706.00	4	1	679.412	34	1	0.949074083	1	95.83333333	0.17			0
squash	6	2.35	0	1.9	3821.00	5	1	600.515	33	0.97	0.455676267	0.933333333	68	0.13	0.06	0.06	1.36
stable	6	2.829	2	1.65	11044.00	5	2	608.424	33	0.97	0.419950267	0.933333333	66.53333333	0.41	0.05		0.87
staff	5	3.213	2	1.85	6077.00	4	1	518.212	33	0.97	0.856516313	1	88.75	0.1	0.03		0.52
stake	5	2.928	10	1.3	6671.00	4	1	650.219	32	1	0.413139389	0.722222222	66.11111111	0.08	0.05	0.08	1.04
stalk	5	1.94	5	1.7	8612.00	4	1	645.667	33	1	0.513255278	0.333333333	69.16666667	0.09	0.1		0.88
stall	5	2.661	5	1.65	10123.00	4	1	643.813	32	0.94	0.276653053	0.631578947	59.57894737	0.26	0.16	0.07	1.32
staple	6	1.763	1	1.8	10508.00	5	2	573.941	34	0.97	0.5897165	0.9375	75	0.25	0.07		0.53
steep	5	2.1	6	1.6	9504.00	4	1	669.633	30	0.94	0.838724375	1	88.4375	0.45	0.01		0.05
steer	5	2.486	5	1.65	14992.00	4	1	669.125	32	0.97	0.805986375	0.875	85.625	0.21	0.11		0.99
stern	5	2.516	1	1.9	14595.00	4	1	651.724	29	0.94	0.517031412	1	70.17647059	0.15	0.1		0.77
stick	5	3.695	6	1.5	11576.00	4	1	606.152	33	1	0.201768188	1	57.8125	0.14	0.01	0.03	0.68
stir	4	2.48	1	1.8	9151.00	3	1	675.824	34	0.97	0.943689647	1	95.05882353	0.2	0.02		0.23
stole	5	3.433	6	1.6	9645.00	4	1	658.406	32	0.94	0.9104155	0.9375	93.4375	0.09	0.07		0.6
strain	6	2.559	2	1.75	16177.00	5	1	712.455	33	1	0.709791778	0.944444444	80.55555556	0.07	0.04	0.01	0.99
strand	6	1.978	0	1.9	13608.00	6	1	695.091	33	0.94	0.3584656	0.666666667	64.66666667	0.58	0.04		0.58
strip	5	2.904	1	1.8	8653.00	5	1	773.879	33	0.94	0.301549316	0.947368421	60.52631579	0.13	0.03		0.55
stud	4	2.55	4	1.7	4661.00	4	1	626.452	31	0.94	0.515253765	0.235294118	70	0.16	0.04	0.03	0.84
swallow	7	2.813	1	2.1	7696.00	5	2	703.25	32	0.97	0.700039	1	80	0.09	0.21		0.81
tag	3	2.851	18	1	2661.00	3	1	564.152	33	1	0.3913065	0.571428571	65.35714286	0.05	0.16		1
tap	3	2.877	19	1	2750.00	3	1	597.879	33	1	0.383382938	0.875	62.5	0.22	0.25	0.02	1.19
tart	4	2.09	12	1.2	5845.00	4	1	663.656	32	0.94	0.435222813	0.8125	65.9375	0.09	0.14	0.03	1.31
tear	4	3.139	16	1	9175.00	3	1	580.969	32	0.97	0.282212941	0.529411765	60.88235294	0.3	0.12		0.93
temple	6	2.952	0	1.95	10477.00	5	2	651.258	31	0.97	0.454944625	0.875	65.5	0.16	0.18		0.92
tend	4	2.797	9	1.3	9973.00	4	1	651.706	34	0.97	0.311327533	0.933333333	61.33333333	0.1	0.02		0.67
tender	6	2.657	7	1.65	18736.00	5	2	664.333	33	0.94	0.338217235	0.88235941	53.94117647	0.13	0.06		0.45
tick	4	2.569	10	1.25	8011.00	3	1	750.606	33	0.97	0.545041056	0.777777778	69.55555556	0.13	0.29	0.02	1.22
tip	3	3.149	16	1.1	5303.00	3	1	615.788	33	0.97	0.260863125	0.3125	46.5625	0.17	0.12	0.05	1.7
tire	4	2.801	11	1.25	10128.00	3	1	591.344	32	0.94	0.310253875	0.5625	61.5625	0.25	0.01		0.31
toast	5	3.233	3	1.85	6803.00	4	1	600.882	34	1	0.313303444	0.888888889	61.11111111	0.33	0.03		0.45
toll	4	2.236	12	1.25	4281.00	3	1	666.724	29	0.85	0.687079632	0.105263158	79.73684211	0.27	0.03	0.01	0.26
trace	5	2.996	6	1.45	7894.00	4	1	603.879	33	1	0.924532471	1	93.94117647	0.14	0.04	0.02	1.16
vault	5	2.789	1	1.9	2351.00	4	1	641.581	31	0.94	0.600051053	0.526315789	73.42105263	0.38	0.07		0.77
vice	4	2.978	8	1.35	4701.00	3	1	671.242	33	0.97	0.756594714	0.928571429	85	0.15	0.21	0.14	1.9
wax	3	2.665	9	1.45	758.00	4	1	638.152	33	0.97	0.705070733	0.933333333	80.26666667	0.17	0.01		0.05
wind	4	3.481	12	1.25	9125.00	4	1	559.156	32	1	0.461327533	0.933333333	69	0.17	0.02		0.42
wound	5	3.132	8	1.55	5631.00	4	1	575.941	34	1	0.614949722	0.888888889	76	0.29	0.07		0.71
yard	4	3.107	6	1.65	3707.00	4	1	623.469	32	1	0.240299684	0.684210526	58.47368421	0.14	0.15		0.9
