word,biggest,p1,p2,p3,p4,p5,pUnseen
a,100,100,0,0,0,0,0
affect,99,99,0,0,0,0,1
affected,97,97,3,0,0,0,0
alley,100,100,0,0,0,0,0
angle,100,100,0,0,0,0,0
arch,98,98,2,0,0,0,0
arm,97,97,3,0,0,0,0
ash,90,90,7,0,0,0,3
bail,100,100,0,0,0,0,0
ban,98,98,0,0,0,0,2
band,93,93,7,0,0,0,0
bang,100,100,0,0,0,0,0
bank,98,2,98,0,0,0,0
banker,97,97,3,0,0,0,0
bar,98,98,0,0,0,0,2
bark,70,70,30,0,0,0,0
barker,100,100,0,0,0,0,0
barrow,66,66,22,11,0,0,0
base,99,99,1,0,0,0,0
bass,75,75,25,0,0,0,0
bat,66,66,27,1,0,0,6
batter,75,5,20,75,0,0,0
bow,44,40,44,11,0,0,5
bowler,90,90,9,0,0,0,0
bay,45,43,45,0,0,0,12
bear,55,45,55,0,0,0,0
beaver,100,100,0,0,0,0,0
beetle,100,100,0,0,0,0,0
bent,93,93,0,0,0,0,7
blaze,85,85,10,1,0,0,2
bleak,100,100,0,0,0,0,0
blow,93,7,93,0,0,0,0
bluff,86,6,86,0,0,0,8
bob,69,10,17,1,0,0,69
boil,85,85,14,0,0,0,0
bolt,100,100,0,0,0,0,0
bongo,78,21,78,0,0,0,0
boom,90,90,10,0,0,0,0
bop,75,12,11,0,0,0,75
bore,79,3,79,0,16,0,2
boring,98,1,98,0,0,0,0
bossy,93,93,0,4,0,0,2
bound,77,77,3,4,16,0,0
bowl,80,80,20,0,0,0,0
calf,76,76,24,0,0,0,0
lead,87,87,13,0,0,0,0
bowman,100,100,0,0,0,0,0
box,97,97,3,0,0,0,0
boxing,98,2,98,0,0,0,0
brake,99,99,0,0,0,0,1
bride,100,100,0,0,0,0,0
bridge,99,99,1,0,0,0,0
brook,76,76,17,0,0,0,6
brush,90,90,10,0,0,0,0
buck,79,13,8,0,0,0,79
bud,95,95,4,0,0,0,0
buff,68,68,0,0,0,0,31
buffer,100,100,0,0,0,0,0
buffet,99,1,99,0,0,0,0
buggy,84,84,16,0,0,0,0
bull,99,99,1,0,0,0,0
bully,100,100,0,0,0,0,0
burden,100,100,0,0,0,0,0
bus,100,100,0,0,0,0,0
bush,97,97,0,0,0,0,2
bust,93,5,93,0,0,0,1
butt,91,91,2,1,0,0,0
cab,100,100,0,0,0,0,0
caddy,89,8,89,0,0,0,1
camp,100,100,0,0,0,0,0
cap,96,96,1,0,0,0,2
bunk,100,0,0,0,0,0,0
cape,98,98,2,0,0,0,0
capital,99,99,0,0,0,0,0
card,100,100,0,0,0,0,0
cashier,80,80,0,0,0,0,19
cat,100,100,0,0,0,0,0
chap,98,2,98,0,0,0,0
chase,97,97,0,0,0,0,1
chess,100,100,0,0,0,0,0
chink,95,95,5,0,0,0,0
chip,98,98,2,0,0,0,0
chord,83,12,83,0,0,0,4
chow,94,94,5,0,0,0,0
chuck,86,86,8,2,0,0,4
chum,89,89,11,0,0,0,0
chump,100,100,0,0,0,0,0
chute,60,60,2,37,0,0,0
clip,59,23,59,0,0,0,17
clock,100,100,0,0,0,0,0
clutch,100,100,0,0,0,0,0
cock,93,93,6,0,0,0,0
cocktail,94,94,0,0,0,0,5
coil,85,85,5,0,0,0,10
colon,98,2,98,0,0,0,0
coma,98,98,1,0,0,0,0
commune,54,45,54,0,0,0,0
compact,79,79,20,0,0,0,0
chop,100,0,0,0,0,0,0
compound,57,41,57,0,0,0,1
console,60,40,60,0,0,0,0
content,56,44,56,0,0,0,0
converse,93,93,6,0,0,0,0
cop,97,3,97,0,0,0,0
cope,98,98,2,0,0,0,0
corn,99,99,1,0,0,0,0
corporal,90,10,90,0,0,0,0
corrupt,100,100,0,0,0,0,0
corruption,100,100,0,0,0,0,0
cortex,100,100,0,0,0,0,0
cosmetic,100,100,0,0,0,0,0
cosmic,100,100,0,0,0,0,0
cost,100,100,0,0,0,0,0
costly,100,100,0,0,0,0,0
costume,100,100,0,0,0,0,0
cot,88,88,11,0,0,0,0
cottage,87,87,0,0,0,0,13
cotton,100,100,0,0,0,0,0
couch,100,100,0,0,0,0,0
cough,86,86,14,0,0,0,0
council,100,100,0,0,0,0,0
counsel,100,100,0,0,0,0,0
count,98,98,2,0,0,0,0
counter,70,70,10,19,0,0,0
cow,100,100,0,0,0,0,0
crab,85,85,12,0,0,0,2
cramp,69,69,21,0,0,0,0
crash,100,100,0,0,0,0,0
cricket,57,57,42,0,0,0,0
cube,100,100,0,0,0,0,0
cue,89,89,11,0,0,0,0
cuff,100,100,0,0,0,0,0
dab,96,96,3,0,0,0,0
dam,95,95,0,0,0,0,4
dent,100,100,0,0,0,0,0
desert,91,91,9,0,0,0,0
deuce,69,69,30,0,0,0,0
diet,100,100,0,0,0,0,0
dock,93,93,5,1,0,0,0
dotty,92,92,7,0,0,0,0
dove,72,72,28,0,0,0,0
dresser,68,32,68,0,0,0,0
drill,100,100,0,0,0,0,0
drone,89,89,11,0,0,0,0
drove,98,98,2,0,0,0,0
duck,77,77,22,0,0,0,0
dug,100,100,0,0,0,0,0
ear,99,99,0,0,0,0,1
earnest,100,100,0,0,0,0,0
egg,99,99,1,0,0,0,0
elder,100,100,0,0,0,0,0
entrance,100,100,0,0,0,0,0
exploit,97,3,97,0,0,0,0
fair,90,90,10,0,0,0,0
fan,75,25,75,0,0,0,0
fell,100,100,0,0,0,0,0
felon,100,100,0,0,0,0,0
file,98,98,2,0,0,0,0
firm,72,28,72,0,0,0,0
fit,91,91,9,0,0,0,0
darn,100,0,0,0,0,0,0
flag,100,100,0,0,0,0,0
flat,74,74,26,0,0,0,0
flatter,95,95,5,0,0,0,0
flaw,100,100,0,0,0,0,0
fleet,91,91,9,0,0,0,0
flight,98,98,2,0,0,0,0
flip,96,96,1,2,0,0,0
flock,100,100,0,0,0,0,0
fluke,90,1,90,8,0,0,0
flush,58,58,11,10,19,0,0
fly,90,90,9,0,0,0,0
foil,90,6,90,3,0,0,0
fold,90,90,9,0,0,0,0
fore,92,92,7,0,0,0,0
forge,92,92,6,0,0,0,1
former,96,96,3,0,0,0,0
founder,95,95,4,0,0,0,0
frail,100,100,0,0,0,0,0
freak,100,100,0,0,0,0,0
fret,93,93,1,5,0,0,0
frog,99,99,1,0,0,0,0
fry,98,98,2,0,0,0,0
fudge,91,91,9,0,0,0,0
funk,49,49,48,0,0,0,3
gag,74,25,74,0,0,0,0
gage,75,25,75,0,0,0,0
gang,100,100,0,0,0,0,0
gee,99,1,99,0,0,0,0
gill,66,66,0,0,0,0,33
gin,83,83,6,11,0,0,0
glare,89,89,10,0,0,0,0
gloss,98,98,1,0,0,0,0
gob,50,50,0,0,0,0,50
gobble,71,28,71,0,0,0,0
gore,76,76,12,12,0,0,0
gram,80,80,3,0,0,0,16
grate,80,80,20,0,0,0,0
grave,83,83,16,0,0,0,0
ground,98,98,2,0,0,0,0
gull,90,90,6,0,0,0,3
gum,99,99,1,0,0,0,0
hack,76,13,76,0,0,0,11
hail,74,74,25,0,0,0,0
halt,100,100,0,0,0,0,0
ham,90,90,7,0,0,0,2
hamper,92,7,92,0,0,0,0
hatch,90,9,90,0,0,0,0
hawk,95,95,1,3,0,0,0
haze,95,95,4,0,0,0,0
heel,93,93,3,0,0,0,3
hide,94,94,6,0,0,0,0
hiding,99,99,1,0,0,0,0
hind,79,79,20,0,0,0,0
hip,50,50,0,16,0,0,34
hobby,100,100,0,0,0,0,0
hop,100,100,0,0,0,0,0
host,100,100,0,0,0,0,0
hue,85,85,14,0,0,0,0
husky,86,86,13,0,0,0,0
imperial,100,100,0,0,0,0,0
impress,100,100,0,0,0,0,0
incense,98,98,1,0,0,0,0
intent,81,81,19,0,0,0,0
intimate,98,98,2,0,0,0,0
invalid,70,70,29,0,0,0,0
jade,90,90,9,0,0,0,0
jag,56,31,56,0,0,0,12
jam,67,67,33,0,0,0,0
jar,99,99,1,0,0,0,0
jerk,100,100,0,0,0,0,0
funky,79,0,20,0,0,0,79
jerky,85,15,85,0,0,0,0
jet,98,98,1,0,0,0,0
jig,86,13,86,0,0,0,0
jog,100,100,0,0,0,0,0
jumper,64,64,15,0,0,0,12
junk,99,99,1,0,0,0,0
keen,51,49,0,0,0,0,51
key,100,100,0,0,0,0,0
kitty,96,96,1,0,0,0,3
knot,99,99,1,0,0,0,0
lap,75,75,22,2,0,0,1
lash,88,88,11,0,0,0,0
launch,94,94,5,0,0,0,0
lawn,99,99,1,0,0,0,0
lay,65,65,0,0,0,0,35
mule,97,97,0,0,0,0,3
league,98,98,2,0,0,0,0
lean,77,77,23,0,0,0,0
lighten,97,3,97,0,0,0,0
lighter,64,64,0,0,0,0,36
limb,100,100,0,0,0,0,0
limbo,52,52,47,0,0,0,0
lime,90,10,90,0,0,0,0
limp,90,90,10,0,0,0,0
liner,91,91,8,0,0,0,0
list,100,100,0,0,0,0,0
liver,97,97,2,0,0,0,0
loaf,93,93,6,0,0,0,0
lock,100,100,0,0,0,0,0
log,100,100,0,0,0,0,0
low,100,100,0,0,0,0,0
lug,83,17,83,0,0,0,0
lumber,99,99,1,0,0,0,0
hitch,100,0,0,0,0,0,0
lying,74,74,26,0,0,0,0
mace,48,48,24,0,0,0,27
mail,97,97,2,0,0,0,0
mare,96,96,0,0,0,0,3
mark,100,100,0,0,0,0,0
maroon,77,77,22,0,0,0,0
mast,100,100,0,0,0,0,0
match,92,8,92,0,0,0,0
mate,99,99,1,0,0,0,0
meal,98,98,2,0,0,0,0
meter,91,8,1,91,0,0,0
mid,96,96,3,0,0,0,0
midst,100,100,0,0,0,0,0
mill,93,93,2,0,0,0,5
mint,76,76,24,0,0,0,0
mite,94,5,94,0,0,0,0
mode,91,91,9,0,0,0,0
mood,100,100,0,0,0,0,0
mortar,70,70,29,0,0,0,0
mount,92,92,7,0,0,0,0
mow,86,86,0,0,0,0,14
peel,99,99,1,0,0,0,0
pen,85,85,15,0,0,0,0
multiply,97,97,2,0,0,0,0
mum,96,2,0,2,0,0,96
mush,80,80,19,0,0,0,0
nag,83,83,16,0,0,0,0
nap,100,100,0,0,0,0,0
net,90,90,10,0,0,0,0
nip,70,70,30,0,0,0,0
noodle,96,96,3,0,0,0,1
novel,90,90,10,0,0,0,0
nun,100,100,0,0,0,0,0
opera,99,99,1,0,0,0,0
ounce,99,99,1,0,0,0,0
pace,99,99,0,0,0,0,1
pack,97,97,3,0,0,0,0
pad,98,98,1,0,0,0,1
page,80,80,20,0,0,0,0
painter,100,100,0,0,0,0,0
palm,70,70,30,0,0,0,0
paste,96,96,3,0,0,0,0
pat,76,76,23,0,0,0,1
pawn,72,72,28,0,0,0,0
peaked,65,34,65,0,0,0,0
peep,61,39,61,0,0,0,0
peer,79,79,20,0,0,0,0
pout,100,100,0,0,0,0,0
prayer,96,96,4,0,0,0,0
perk,57,41,1,57,0,0,0
pet,95,95,1,0,0,0,4
piano,100,100,0,0,0,0,0
pie,100,100,0,0,0,0,0
lining,100,0,0,0,0,0,0
pike,43,43,26,29,0,0,0
pile,95,95,5,0,0,0,0
pine,82,82,18,0,0,0,0
pink,100,100,0,0,0,0,0
pipe,99,99,1,0,0,0,0
pit,94,94,6,0,0,0,0
pitch,86,86,14,0,0,0,0
pitcher,57,43,57,0,0,0,0
plane,100,100,0,0,0,0,0
plot,82,82,18,0,0,0,0
plump,97,97,2,0,0,0,0
pod,96,96,4,0,0,0,0
poker,89,11,89,0,0,0,0
policy,77,77,23,0,0,0,0
pool,61,61,39,0,0,0,0
poop,92,1,2,5,92,0,0
pop,69,69,4,27,0,0,0
port,50,50,40,1,7,0,2
pose,83,83,17,0,0,0,0
post,41,25,41,26,0,0,8
pot,68,68,32,0,0,0,0
pound,66,22,66,12,0,0,0
pupil,82,82,18,0,0,0,0
mat,100,0,0,0,0,0,0
troll,86,14,86,0,0,0,0
present,71,29,71,0,0,0,0
press,100,100,0,0,0,0,0
prior,100,100,0,0,0,0,0
pro,77,16,77,0,0,0,7
prop,67,24,67,9,0,0,0
prune,83,83,16,0,0,0,0
pry,58,42,58,0,0,0,0
pug,82,82,17,0,0,0,0
pulse,100,100,0,0,0,0,0
pump,97,97,3,0,0,0,0
punch,72,72,4,13,0,0,11
pussy,99,99,1,0,0,0,0
putter,69,30,69,0,0,0,0
quack,56,56,44,0,0,0,0
quail,96,96,3,0,0,0,0
race,78,78,22,0,0,0,0
raft,95,95,5,0,0,0,0
rag,100,100,0,0,0,0,0
rail,98,98,1,1,0,0,0
rake,90,90,8,0,0,0,1
rank,91,91,8,0,0,0,1
rap,52,47,1,52,0,0,0
rape,97,97,3,0,0,0,0
rare,86,86,14,0,0,0,0
rash,64,36,64,0,0,0,0
rate,86,86,0,0,0,0,14
rating,99,99,1,0,0,0,0
raven,100,100,0,0,0,0,0
ray,100,100,0,0,0,0,0
rear,100,100,0,0,0,0,0
reef,97,97,3,0,0,0,0
reel,96,96,4,0,0,0,0
refrain,81,81,18,0,0,0,0
refund,100,100,0,0,0,0,0
refuse,98,98,2,0,0,0,0
rejoin,94,94,5,0,0,0,0
relief,100,100,0,0,0,0,0
rent,100,100,0,0,0,0,0
repair,98,98,2,0,0,0,0
retainer,55,55,45,0,0,0,0
revere,100,100,0,0,0,0,0
rib,99,99,1,0,0,0,0
riddle,99,99,0,0,0,0,1
rifle,98,98,1,0,0,0,1
peck,100,0,0,0,0,0,0
ring,68,68,32,0,0,0,0
rip,100,100,0,0,0,0,0
roach,94,94,2,0,0,0,3
rock,56,56,44,0,0,0,0
rocket,100,100,0,0,0,0,0
rocky,80,80,14,0,0,0,5
rook,58,41,58,0,0,0,0
root,84,84,8,8,0,0,0
rose,83,83,17,0,0,0,0
row,68,68,11,8,0,0,13
rubber,98,98,2,0,0,0,0
rung,67,67,32,0,0,0,0
rush,100,100,0,0,0,0,0
rut,98,98,1,0,0,0,0
rye,100,100,0,0,0,0,0
sack,94,94,1,0,0,0,5
sage,51,51,46,0,0,0,1
sap,98,98,2,0,0,0,0
sash,92,92,6,0,0,0,0
scale,83,2,15,83,0,0,0
scarf,94,94,0,3,0,0,0
scram,92,92,7,0,0,0,0
plight,100,0,0,0,0,0,0
scrap,84,84,16,0,0,0,0
scrub,93,93,7,0,0,0,0
seal,82,82,18,0,0,0,0
settle,100,100,0,0,0,0,0
sewer,99,99,1,0,0,0,0
shag,74,25,74,0,0,0,0
shark,74,74,26,0,0,0,0
shed,50,50,50,0,0,0,0
sheer,100,100,0,0,0,0,0
sheet,100,100,0,0,0,0,0
shin,96,96,3,0,0,0,0
shiver,100,100,0,0,0,0,0
shock,99,99,0,1,0,0,0
shook,100,100,0,0,0,0,0
shore,100,100,0,0,0,0,0
shower,99,99,1,0,0,0,0
shy,100,100,0,0,0,0,0
sin,100,100,0,0,0,0,0
size,100,100,0,0,0,0,0
skate,99,99,1,0,0,0,0
skipper,96,96,4,0,0,0,0
slack,97,97,3,0,0,0,0
slam,100,100,0,0,0,0,0
slick,98,98,2,0,0,0,0
sling,99,99,1,0,0,0,0
slip,88,88,12,0,0,0,0
slug,66,66,34,0,0,0,0
smack,78,2,78,1,19,0,0
smelt,91,4,4,91,0,0,0
snuff,73,26,73,0,0,0,0
sock,77,77,23,0,0,0,0
soil,95,95,5,0,0,0,0
sole,88,88,6,5,0,0,1
sounding,98,98,2,0,0,0,0
sow,62,62,37,0,0,0,0
spade,55,55,44,0,0,0,0
span,96,96,0,0,0,0,3
spank,71,71,2,0,0,0,27
spat,56,42,56,1,0,0,0
spear,99,99,1,0,0,0,0
spell,62,31,62,7,0,0,0
sperm,96,96,4,0,0,0,0
spike,98,98,2,0,0,0,0
rally,100,0,0,0,0,0,0
spill,100,100,0,0,0,0,0
spit,98,98,2,0,0,0,0
spoke,99,99,1,0,0,0,0
spray,98,98,2,0,0,0,0
spruce,63,36,63,0,0,0,0
squash,71,71,29,0,0,0,0
stable,67,67,33,0,0,0,0
staff,100,100,0,0,0,0,0
stake,61,39,61,0,0,0,0
stalk,69,30,69,0,0,0,0
stall,64,64,36,0,0,0,0
stamina,100,100,0,0,0,0,0
staple,72,72,27,0,0,0,0
steep,96,96,3,0,0,0,1
steer,75,75,25,0,0,0,0
stem,88,88,5,6,0,0,0
stern,64,36,64,0,0,0,0
stick,74,25,74,0,0,0,1
stir,95,95,5,0,0,0,0
stole,98,98,2,0,0,0,0
stoop,71,71,27,0,0,0,2
stove,98,98,2,0,0,0,0
strain,75,75,24,0,0,0,1
strand,84,16,84,0,0,0,0
strapping,90,90,9,0,0,0,0
strip,65,65,35,0,0,0,0
stripe,100,100,0,0,0,0,0
repent,100,0,0,0,0,0,0
strut,88,88,11,0,0,0,0
stud,87,13,87,0,0,0,0
stunt,96,4,96,0,0,0,0
supply,100,100,0,0,0,0,0
swallow,97,97,3,0,0,0,0
swarm,98,98,1,0,0,0,0
tacky,91,9,91,0,0,0,0
tag,74,74,26,0,0,0,0
tanner,50,25,50,0,0,0,25
tap,54,46,54,0,0,0,0
tar,100,100,0,0,0,0,0
tart,87,12,87,0,0,0,0
tattoo,100,100,0,0,0,0,0
tear,79,17,79,0,0,0,3
tee,83,16,83,0,0,0,0
temple,95,95,5,0,0,0,0
temporal,59,40,59,0,0,0,0
tend,71,71,29,0,0,0,0
tender,86,86,11,3,0,0,0
tense,87,87,13,0,0,0,0
test,100,100,0,0,0,0,0
thinner,72,28,72,0,0,0,0
tier,97,97,0,0,0,0,2
tip,74,17,9,74,0,0,0
tire,83,17,83,0,0,0,0
tit,84,2,84,0,0,0,14
titanic,85,14,85,0,0,0,0
toast,55,55,45,0,0,0,0
toaster,98,98,2,0,0,0,0
toil,74,74,25,0,0,0,0
toll,91,9,91,0,0,0,0
tot,70,70,29,0,0,0,0
tow,99,99,0,0,0,0,1
tower,100,100,0,0,0,0,0
trace,99,99,1,0,0,0,0
tract,95,95,4,0,0,0,0
trap,100,100,0,0,0,0,0
wax,70,70,30,0,0,0,0
truck,99,99,1,0,0,0,0
tuna,99,99,0,0,0,0,1
twit,95,4,95,0,0,0,0
undone,82,18,82,0,0,0,0
utter,74,26,74,0,0,0,0
van,72,11,72,0,0,0,17
vault,98,98,2,0,0,0,0
verse,98,98,0,0,0,0,2
vet,91,91,9,0,0,0,0
vice,94,94,6,0,0,0,0
waffle,97,97,2,0,0,0,0
weed,100,100,0,0,0,0,0
whale,100,100,0,0,0,0,0
wind,74,74,26,0,0,0,0
wise,97,97,2,0,0,0,1
wit,99,99,1,0,0,0,0
woof,95,4,95,0,0,0,0
wound,79,79,21,0,0,0,0
wrinkle,94,94,5,0,0,0,0
yard,94,6,94,0,0,0,0
yen,87,87,13,0,0,0,0
zip,46,17,46,0,0,0,37
slew,100,0,0,0,0,0,0
hooker,99,0,99,1,0,0,0
hull,100,0,100,0,0,0,0
ringer,97,2,97,0,0,0,0
sec,100,0,100,0,0,0,0
taxis,100,0,100,0,0,0,0
tick,100,0,0,0,0,0,0
lit,100,0,0,0,0,0,100
rack,100,0,0,0,0,0,100