word_LOWERCASE	Word_CASE_SENSITIVE	FREQcount|f	CDcount|f	FREQlow|f	Cdlow|f	SUBTLWF|f	Lg10WF|f	SUBTLCD|f	Lg10CD|f	len|f	MRC_Imag|f	NumMeanings	NumSenses	SingleWordOrPhrase	transitive_verb	intransitive_verb	adjective	noun	verb	plural_noun	adverb	suffix	interjection	prefix	preposition	abbreviation	NONE_EMPTYLINEINOTHERFILE	conjunction	pronoun	indefinite_article	auxiliary_verb	plural_pronoun	imperative_verb	definite_article	SouthFloridaAssociation_target	posBigram_PythonFromSubtl	coltN_py_fromSUBTL	wordNetNumSenses	LevenshteinDistance_subtl	nPhon_Nwatch	nSyll_Nwatch
ear	ear	1632	1106	1579	1092	32	3.213	13.19	3.0441	3	597	2	6	singleword.	0	1	0	5	0	0	0	0	0	0	0	0	0	0	0	0	0	0	0	0	ear	23	22	5	1	2	1
pie	pie	1466	790	1273	751	28.75	3.1664	9.42	2.8982	3	604	2	2	singleword.	0	0	0	2	0	0	0	0	0	0	0	0	0	0	0	0	0	0	0	0	pie	22	24	2	1	2	1
tow	tow	295	196	273	183	5.78	2.4713	2.34	2.2945	3	406	2	7	singleword.	1	0	1	5	0	0	0	0	0	0	0	0	0	0	0	0	0	0	0	0	tow	35	35	2	1	2	1
gee	Gee	2362	1291	413	332	46.31	3.3735	15.39	3.1113	3	N/A	2	4	singleword.	1	1	0	0	0	0	0	0	2	0	0	0	0	0	0	0	0	0	0	0	N/A	26	27	3	1	2	1
rye	rye	212	140	154	106	4.16	2.3284	1.67	2.1492	3	459	2	5	singleword.	0	0	0	5	0	0	0	0	0	0	0	0	0	0	0	0	0	0	0	0	rye	13	16	3	1	2	1
mow	mow	117	83	104	75	2.29	2.0719	0.99	1.9243	3	N/A	2	6	singleword.	3	1	0	2	0	0	0	0	0	0	0	0	0	0	0	0	0	0	0	0	mow	32	32	3	1	2	1
roe	Roe	52	26	6	6	1.02	1.7243	0.31	1.4314	3	349	2	3	singleword.	0	0	0	3	0	0	0	0	0	0	0	0	0	0	0	0	0	0	0	0	N/A	22	25	4	1	2	1
cow	cow	1301	728	1202	696	25.51	3.1146	8.68	2.8627	3	632	2	3	singleword.	1	0	0	2	0	0	0	0	0	0	0	0	0	0	0	0	0	0	0	0	cow	32	32	4	1	2	1
sow	sow	98	80	84	75	1.92	1.9956	0.95	1.9085	3	479	2	5	singleword.	3	1	0	1	0	0	0	0	0	0	0	0	0	0	0	0	0	0	0	0	sow	32	32	4	1	2	1
ash	Ash	469	143	127	88	9.2	2.6721	1.7	2.1584	3	553	2	5	singleword.	0	0	0	5	0	0	0	0	0	0	0	0	0	0	0	0	0	0	0	0	ash	10	11	4	1	2	1
rue	Rue	90	63	29	27	1.76	1.959	0.75	1.8062	3	N/A	2	4	singleword.	1	1	0	2	0	0	0	0	0	0	0	0	0	0	0	0	0	0	0	0	N/A	15	18	5	1	2	1
egg	egg	1328	726	1237	694	26.04	3.1235	8.66	2.8615	3	599	2	5	singleword.	1	0	0	4	0	0	0	0	0	0	0	0	0	0	0	0	0	0	0	0	egg	3	3	5	1.65	2	1
tee	tee	110	68	85	58	2.16	2.0453	0.81	1.8388	3	N/A	2	6	singleword.	1	1	0	4	0	0	0	0	0	0	0	0	0	0	0	0	0	0	0	0	N/A	27	31	5	1	2	1
bay	Bay	1236	612	448	287	24.24	3.0924	7.3	2.7875	3	570	2	3	singleword.	0	0	0	3	0	0	0	0	0	0	0	0	0	0	0	0	0	0	0	0	bay	33	34	10	1	2	1
ray	Ray	4966	748	240	170	97.37	3.6961	8.92	2.8745	3	556	2	4	singleword.	0	0	0	4	0	0	0	0	0	0	0	0	0	0	0	0	0	0	0	0	ray	29	28	10	1	2	1
key	key	4430	2165	4165	2099	86.86	3.6465	25.81	3.3357	3	618	2	9	singleword.	2	0	1	6	0	0	0	0	0	0	0	0	0	0	0	0	0	0	0	0	key	13	12	22	1.15	2	1
shy	shy	937	694	882	679	18.37	2.9722	8.27	2.842	3	N/A	2	10	singleword.	1	3	4	2	0	0	0	0	0	0	0	0	0	0	0	0	0	0	0	0	shy	9	14	7	1.1	2	1
row	row	1343	882	1176	827	26.33	3.1284	10.52	2.946	3	N/A	3	11	singleword.	4	2	0	5	0	0	0	0	0	0	0	0	0	0	0	0	0	0	0	0	row	27	27	8	1	2	1
arm	arm	3336	1945	3239	1906	65.41	3.5234	23.19	3.2891	3	593	2	10	singleword.	3	1	0	6	0	0	0	0	0	0	0	0	0	0	0	0	0	0	0	0	arm	15	16	8	1	2	1
lay	lay	2970	1951	2334	1710	58.24	3.4729	23.26	3.2905	3	426	3	18	singleword.	10	2	2	3	1	0	0	0	0	0	0	0	0	0	0	0	0	0	0	0	lay	35	35	9	1	2	1
bow	bow	1034	609	857	552	20.27	3.0149	7.26	2.7853	3	546	3	20	singleword.	6	5	2	7	0	0	0	0	0	0	0	0	0	0	0	0	0	0	0	0	bow	32	30	14	1	2	1
low	low	3016	2041	2789	1931	59.14	3.4796	24.33	3.3101	3	378	2	16	singleword.	0	1	8	3	0	0	4	0	0	0	0	0	0	0	0	0	0	0	0	0	low	28	29	17	1	2	1
chow	chow	350	221	191	161	6.86	2.5453	2.63	2.3464	4	326	2	2	singleword.	0	0	0	2	0	0	0	0	0	0	0	0	0	0	0	0	0	0	0	0	N/A	90	12	3	1.2	2	1
arch	arch	188	117	107	85	3.69	2.2765	1.39	2.0719	4	557	2	6	singleword.	2	1	1	2	0	0	0	0	0	0	0	0	0	0	0	0	0	0	0	0	N/A	51	3	7	1.55	2	1
duff	Duff	67	24	18	13	1.31	1.8325	0.29	1.3979	4	N/A	3	4	singleword.	0	0	0	4	0	0	0	0	0	0	0	0	0	0	0	0	0	0	0	0	N/A	75	13	1	1.25	3	1
khan	Khan	198	58	8	1	3.88	2.2989	0.69	1.7709	4	N/A	2	3	singleword.	0	0	0	3	0	0	0	0	0	0	0	0	0	0	0	0	0	0	0	0	N/A	86	7	2	1.5	3	1
mace	Mace	178	73	36	29	3.49	2.2529	0.87	1.8692	4	N/A	2	3	singleword.	0	0	0	3	0	0	0	0	0	0	0	0	0	0	0	0	0	0	0	0	N/A	132	18	4	1	3	1
fit	fit	2937	2090	2830	2057	57.59	3.4681	24.92	3.3204	3	N/A	2	11	singleword.	4	2	2	3	0	0	0	0	0	0	0	0	0	0	0	0	0	0	0	0	fit	26	27	16	1	3	1
peer	peer	78	63	70	56	1.53	1.8976	0.75	1.8062	4	376	2	4	singleword.	0	2	0	2	0	0	0	0	0	0	0	0	0	0	0	0	0	0	0	0	peer	157	18	3	1	3	1
tar	tar	160	100	132	87	3.14	2.2068	1.19	2.0043	3	550	2	4	singleword.	1	0	0	3	0	0	0	0	0	0	0	0	0	0	0	0	0	0	0	0	tar	38	41	3	1	3	1
fore	fore	135	96	78	60	2.65	2.1335	1.14	1.9868	4	340	2	5	singleword.	0	0	2	1	0	0	1	0	1	0	0	0	0	0	0	0	0	0	0	0	N/A	176	21	3	1	3	1
tier	tier	54	30	43	27	1.06	1.7404	0.36	1.4914	4	N/A	2	4	singleword.	1	1	0	2	0	0	0	0	0	0	0	0	0	0	0	0	0	0	0	0	N/A	98	9	5	1.15	3	1
shore	Shore	1013	455	503	344	19.86	3.006	5.42	2.659	5	624	2	4	singleword.	1	0	0	3	0	0	0	0	0	0	0	0	0	0	0	0	0	0	0	0	shore	273	16	5	1	3	1
moor	moor	101	23	82	14	1.98	2.0086	0.27	1.3802	4	N/A	2	5	singleword.	2	2	0	1	0	0	0	0	0	0	0	0	0	0	0	0	0	0	0	0	N/A	158	8	5	1.35	3	1
gore	Gore	55	42	25	20	1.08	1.7482	0.5	1.6335	4	429	3	3	singleword.	1	0	0	2	0	0	0	0	0	0	0	0	0	0	0	0	0	0	0	0	N/A	188	23	6	1	3	1
rare	rare	1087	864	1035	838	21.31	3.0366	10.3	2.937	4	439	2	5	singleword.	0	0	5	0	0	0	0	0	0	0	0	0	0	0	0	0	0	0	0	0	rare	229	26	6	1	3	1
sheer	sheer	233	201	177	166	4.57	2.3692	2.4	2.3054	5	440	2	7	singleword.	1	1	3	1	0	0	1	0	0	0	0	0	0	0	0	0	0	0	0	0	N/A	493	10	8	1.3	3	1
rear	rear	634	458	590	437	12.43	2.8028	5.46	2.6618	4	455	2	9	singleword.	3	1	1	4	0	0	0	0	0	0	0	0	0	0	0	0	0	0	0	0	rear	149	18	11	1	3	1
bore	bore	395	340	388	338	7.75	2.5977	4.05	2.5328	4	404	4	11	singleword.	5	1	0	4	1	0	0	0	0	0	0	0	0	0	0	0	0	0	0	0	N/A	213	26	6	1	3	1
jar	jar	424	297	413	289	8.31	2.6284	3.54	2.4742	3	571	2	10	singleword.	2	3	0	5	0	0	0	0	0	0	0	0	0	0	0	0	0	0	0	0	jar	29	28	8	1	3	1
tear	tear	1377	1053	1216	964	27	3.1392	12.55	3.0228	4	550	2	16	singleword.	6	5	0	5	0	0	0	0	0	0	0	0	0	0	0	0	0	0	0	0	tear	147	22	9	1	3	1
bear	bear	2928	1500	2386	1317	57.41	3.4667	17.88	3.1764	4	572	2	13	singleword.	6	2	1	4	0	0	0	0	0	0	0	0	0	0	0	0	0	0	0	0	bear	159	21	15	1	3	1
bar	bar	4385	2220	3980	2091	85.98	3.6421	26.47	3.3465	3	596	2	12	singleword.	4	0	0	7	0	0	0	0	0	0	1	0	0	0	0	0	0	0	0	0	bar	34	35	18	1	3	1
fair	fair	4832	2810	4184	2533	94.75	3.6842	33.5	3.4489	4	439	2	10	singleword.	0	0	7	2	0	0	1	0	0	0	0	0	0	0	0	0	0	0	0	0	fair	106	7	17	1.2	3	1
mid	mid	64	56	56	50	1.25	1.8129	0.67	1.7559	3	N/A	2	2	singleword.	0	0	1	0	0	0	0	0	0	0	1	0	0	0	0	0	0	0	0	0	N/A	24	28	1	1	3	1
vale	Vale	75	19	5	5	1.47	1.8808	0.23	1.301	4	421	2	2	singleword.	0	0	0	1	0	0	0	0	1	0	0	0	0	0	0	0	0	0	0	0	N/A	132	17	1	1	3	1
wen	Wen	183	25	5	4	3.59	2.2648	0.3	1.415	3	N/A	2	2	singleword.	0	0	0	2	0	0	0	0	0	0	0	0	0	0	0	0	0	0	0	0	N/A	25	26	1	1	3	1
dug	dug	455	364	441	360	8.92	2.659	4.34	2.5623	3	N/A	2	2	singleword.	0	0	0	1	1	0	0	0	0	0	0	0	0	0	0	0	0	0	0	0	N/A	24	25	1	1	3	1
lawn	lawn	630	424	604	411	12.35	2.8	5.05	2.6284	4	608	2	2	singleword.	0	0	0	2	0	0	0	0	0	0	0	0	0	0	0	0	0	0	0	0	lawn	82	8	1	1.4	3	1
pug	Pug	52	20	23	16	1.02	1.7243	0.24	1.3222	3	N/A	2	3	singleword.	2	0	0	1	0	0	0	0	0	0	0	0	0	0	0	0	0	0	0	0	N/A	21	21	1	1	3	1
shook	shook	303	251	292	244	5.94	2.4829	2.99	2.4014	5	N/A	2	3	singleword.	0	0	0	2	1	0	0	0	0	0	0	0	0	0	0	0	0	0	0	0	N/A	218	8	1	1.45	3	1
woof	Woof	141	50	48	19	2.76	2.1523	0.6	1.7076	4	N/A	2	4	singleword.	0	0	0	3	0	0	0	0	1	0	0	0	0	0	0	0	0	0	0	0	N/A	121	12	1	1.1	3	1
rung	rung	71	65	70	64	1.39	1.8573	0.77	1.8195	4	480	2	2	singleword.	0	0	0	1	1	0	0	0	0	0	0	0	0	0	0	0	0	0	0	0	rung	140	15	2	1	3	1
boon	Boon	108	24	49	18	2.12	2.0374	0.29	1.3979	4	N/A	2	2	singleword.	0	0	1	1	0	0	0	0	0	0	0	0	0	0	0	0	0	0	0	0	N/A	189	22	2	1	3	1
cape	Cape	420	225	169	116	8.24	2.6243	2.68	2.3541	4	566	2	2	singleword.	0	0	0	2	0	0	0	0	0	0	0	0	0	0	0	0	0	0	0	0	cape	115	20	2	1	3	1
sash	sash	58	38	50	34	1.14	1.7709	0.45	1.5911	4	488	2	3	singleword.	1	0	0	2	0	0	0	0	0	0	0	0	0	0	0	0	0	0	0	0	sash	150	15	2	1	3	1
toil	toil	51	48	49	46	1	1.716	0.57	1.6902	4	393	2	4	singleword.	0	2	0	2	0	0	0	0	0	0	0	0	0	0	0	0	0	0	0	0	toil	104	9	2	1.25	3	1
mite	mite	60	51	58	50	1.18	1.7853	0.61	1.716	4	387	2	4	singleword.	0	0	0	4	0	0	0	0	0	0	0	0	0	0	0	0	0	0	0	0	N/A	132	23	2	1	3	1
cope	cope	166	150	160	147	3.25	2.2227	1.79	2.179	4	344	2	4	singleword.	0	2	0	2	0	0	0	0	0	0	0	0	0	0	0	0	0	0	0	0	N/A	128	20	2	1	3	1
vice	vice	950	505	550	354	18.63	2.9782	6.02	2.7042	4	413	2	7	singleword.	0	0	0	6	1	0	0	0	0	0	0	0	0	0	0	0	0	0	0	0	vice	83	17	2	1	3	1
perk	perk	72	63	58	55	1.41	1.8633	0.75	1.8062	4	N/A	3	8	singleword.	3	4	0	1	0	0	0	0	0	0	0	0	0	0	0	0	0	0	0	0	N/A	140	18	2	1	3	1
loon	loon	72	54	66	53	1.41	1.8633	0.64	1.7404	4	348	2	2	singleword.	0	0	0	2	0	0	0	0	0	0	0	0	0	0	0	0	0	0	0	0	N/A	179	26	3	1	3	1
nun	nun	355	175	331	163	6.96	2.5514	2.09	2.2455	3	617	2	2	singleword.	0	0	0	2	0	0	0	0	0	0	0	0	0	0	0	0	0	0	0	0	nun	18	18	3	1	3	1
lit	lit	496	422	451	389	9.73	2.6964	5.03	2.6263	3	N/A	2	2	singleword.	0	0	0	0	2	0	0	0	0	0	0	0	0	0	0	0	0	0	0	0	lit	27	30	3	1	3	1
tot	Tot	54	23	18	17	1.06	1.7404	0.27	1.3802	3	N/A	2	3	singleword.	1	1	0	1	0	0	0	0	0	0	0	0	0	0	0	0	0	0	0	0	N/A	35	38	3	1	3	1
rook	Rook	71	33	35	21	1.39	1.8573	0.39	1.5315	4	N/A	2	3	singleword.	1	0	0	2	0	0	0	0	0	0	0	0	0	0	0	0	0	0	0	0	N/A	145	18	3	1	3	1
yen	yen	312	99	207	79	6.12	2.4955	1.18	2	3	N/A	2	3	singleword.	0	1	0	2	0	0	0	0	0	0	0	0	0	0	0	0	0	0	0	0	N/A	28	29	3	1	3	1
gob	Gob	568	71	20	17	11.14	2.7551	0.85	1.8573	3	N/A	2	3	singleword.	0	0	0	3	0	0	0	0	0	0	0	0	0	0	0	0	0	0	0	0	N/A	29	30	3	1	3	1
whale	whale	574	231	459	209	11.25	2.7597	2.75	2.3655	5	623	2	3	singleword.	1	1	0	1	0	0	0	0	0	0	0	0	0	0	0	0	0	0	0	0	whale	236	4	3	1.6	3	1
meal	meal	1472	1048	1441	1030	28.86	3.1682	12.49	3.0208	4	573	2	3	singleword.	0	0	0	3	0	0	0	0	0	0	0	0	0	0	0	0	0	0	0	0	meal	155	18	3	1	3	1
hue	Hue	71	31	28	25	1.39	1.8573	0.37	1.5051	3	399	2	4	singleword.	0	0	0	4	0	0	0	0	0	0	0	0	0	0	0	0	0	0	0	0	hue	17	20	3	1	3	1
tit	tit	171	127	147	116	3.35	2.2355	1.51	2.1072	3	N/A	2	4	singleword.	0	0	0	4	0	0	0	0	0	0	0	0	0	0	0	0	0	0	0	0	N/A	30	33	3	1	3	1
fudge	fudge	185	122	148	102	3.63	2.2695	1.45	2.0899	5	567	2	4	singleword.	1	2	0	1	0	0	0	0	0	0	0	0	0	0	0	0	0	0	0	0	fudge	142	5	3	1.65	3	1
ounce	ounce	206	145	162	142	4.04	2.316	1.73	2.1644	5	457	2	4	singleword.	0	0	0	4	0	0	0	0	0	0	0	0	0	0	0	0	0	0	0	0	ounce	176	2	3	1.7	3	1
loaf	loaf	228	162	224	159	4.47	2.3598	1.93	2.2122	4	N/A	2	4	singleword.	1	1	0	2	0	0	0	0	0	0	0	0	0	0	0	0	0	0	0	0	loaf	91	5	3	1.6	3	1
pine	pine	316	211	210	160	6.2	2.5011	2.52	2.3263	4	617	2	4	singleword.	0	2	0	2	0	0	0	0	0	0	0	0	0	0	0	0	0	0	0	0	pine	195	26	3	1	3	1
sock	sock	458	302	383	276	8.98	2.6618	3.6	2.4814	4	553	2	4	singleword.	1	0	0	3	0	0	0	0	0	0	0	0	0	0	0	0	0	0	0	0	sock	133	18	3	1	3	1
mood	mood	1736	1288	1718	1281	34.04	3.2398	15.36	3.1103	4	394	2	4	singleword.	0	0	0	4	0	0	0	0	0	0	0	0	0	0	0	0	0	0	0	0	mood	162	11	3	1.2	3	1
slew	slew	67	51	60	49	1.31	1.8325	0.61	1.716	4	N/A	3	4	singleword.	0	0	0	2	2	0	0	0	0	0	0	0	0	0	0	0	0	0	0	0	N/A	73	12	3	1.25	3	1
cop	cop	4393	1467	4131	1408	86.14	3.6429	17.49	3.1667	3	N/A	3	4	singleword.	2	0	0	2	0	0	0	0	0	0	0	0	0	0	0	0	0	0	0	0	cop	28	28	3	1	3	1
wit	wit	302	227	287	219	5.92	2.4814	2.71	2.3579	3	N/A	2	5	singleword.	0	0	0	5	0	0	0	0	0	0	0	0	0	0	0	0	0	0	0	0	wit	24	25	3	1	3	1
gage	Gage	128	28	8	5	2.51	2.1106	0.33	1.4624	4	N/A	3	5	singleword.	0	0	0	4	1	0	0	0	0	0	0	0	0	0	0	0	0	0	0	0	N/A	88	15	3	1	3	1
flaw	flaw	155	130	154	129	3.04	2.1931	1.55	2.1173	4	N/A	2	7	singleword.	1	1	0	5	0	0	0	0	0	0	0	0	0	0	0	0	0	0	0	0	N/A	84	14	3	1.2	3	1
chute	chute	184	116	181	115	3.61	2.2672	1.38	2.0682	5	467	3	8	singleword.	2	2	0	4	0	0	0	0	0	0	0	0	0	0	0	0	0	0	0	0	N/A	225	0	3	1.8	3	1
cot	cot	102	76	97	73	2	2.0128	0.91	1.8865	3	N/A	4	8	singleword.	0	0	0	8	0	0	0	0	0	0	0	0	0	0	0	0	0	0	0	0	N/A	32	35	3	1	3	1
van	Van	2641	915	1250	565	51.78	3.4219	10.91	2.9619	3	572	2	2	singleword.	0	0	0	2	0	0	0	0	0	0	0	0	0	0	0	0	0	0	0	0	van	25	25	4	1	3	1
gull	gull	56	27	31	19	1.1	1.7559	0.32	1.4472	4	N/A	2	3	singleword.	1	0	0	2	0	0	0	0	0	0	0	0	0	0	0	0	0	0	0	0	gull	131	18	4	1	3	1
haze	haze	77	47	43	37	1.51	1.8921	0.56	1.6812	4	521	2	3	singleword.	1	0	0	2	0	0	0	0	0	0	0	0	0	0	0	0	0	0	0	0	haze	80	16	4	1	3	1
calf	calf	151	108	132	100	2.96	2.1818	1.29	2.0374	4	565	2	3	singleword.	0	0	0	3	0	0	0	0	0	0	0	0	0	0	0	0	0	0	0	0	calf	130	8	4	1.4	3	1
rash	rash	410	291	401	289	8.04	2.6138	3.47	2.4654	4	520	2	4	singleword.	0	0	2	2	0	0	0	0	0	0	0	0	0	0	0	0	0	0	0	0	rash	155	18	4	1	3	1
cab	cab	1826	961	1709	926	35.8	3.2617	11.46	2.9832	3	N/A	2	4	singleword.	0	0	0	4	0	0	0	0	0	0	0	0	0	0	0	0	0	0	0	0	cab	28	28	4	1	3	1
kip	Kip	96	35	15	14	1.88	1.9868	0.42	1.5563	3	N/A	3	4	singleword.	0	0	0	4	0	0	0	0	0	0	0	0	0	0	0	0	0	0	0	0	N/A	22	22	4	1	3	1
mum	Mum	1108	312	491	212	21.73	3.0449	3.72	2.4955	3	N/A	3	4	singleword.	0	1	1	1	0	0	0	0	1	0	0	0	0	0	0	0	0	0	0	0	N/A	18	20	4	1	3	1
cuff	cuff	291	237	197	164	5.71	2.4654	2.83	2.3766	4	N/A	2	5	singleword.	2	0	0	3	0	0	0	0	0	0	0	0	0	0	0	0	0	0	0	0	cuff	72	12	4	1.25	3	1
dam	dam	293	124	227	101	5.75	2.4683	1.48	2.0969	3	N/A	2	5	singleword.	2	0	0	3	0	0	0	0	0	0	0	0	0	0	0	0	0	0	0	0	dam	33	35	4	1	3	1
gill	Gill	87	28	4	4	1.71	1.9445	0.33	1.4624	4	N/A	2	6	singleword.	2	0	0	4	0	0	0	0	0	0	0	0	0	0	0	0	0	0	0	0	N/A	151	22	4	1	3	1
chord	chord	93	66	92	65	1.82	1.9731	0.79	1.8261	5	N/A	2	6	singleword.	1	1	0	4	0	0	0	0	0	0	0	0	0	0	0	0	0	0	0	0	N/A	225	2	4	1.8	3	1
hock	hock	110	87	106	83	2.16	2.0453	1.04	1.9445	4	N/A	2	6	singleword.	2	0	0	4	0	0	0	0	0	0	0	0	0	0	0	0	0	0	0	0	N/A	135	18	4	1	3	1
league	league	950	607	576	391	18.63	2.9782	7.24	2.7839	6	N/A	2	6	singleword.	0	1	0	5	0	0	0	0	0	0	0	0	0	0	0	0	0	0	0	0	league	334	1	4	1.85	3	1
poop	poop	285	178	234	155	5.59	2.4564	2.12	2.2529	4	N/A	4	6	singleword.	1	1	0	4	0	0	0	0	0	0	0	0	0	0	0	0	0	0	0	0	N/A	158	15	4	1.1	3	1
dab	dab	57	52	53	49	1.12	1.7634	0.62	1.7243	3	N/A	2	7	singleword.	2	1	0	4	0	0	0	0	0	0	0	0	0	0	0	0	0	0	0	0	N/A	30	32	4	1	3	1
weed	weed	600	286	567	274	11.76	2.7789	3.41	2.4579	4	596	2	7	singleword.	2	1	0	4	0	0	0	0	0	0	0	0	0	0	0	0	0	0	0	0	weed	156	17	4	1	3	1
darn	darn	709	527	513	398	13.9	2.8513	6.28	2.7226	4	N/A	2	7	singleword.	2	1	1	1	0	0	1	0	1	0	0	0	0	0	0	0	0	0	0	0	N/A	189	21	4	1	3	1
bud	Bud	1808	527	351	256	35.45	3.2574	6.28	2.7226	3	508	2	8	singleword.	1	2	0	5	0	0	0	0	0	0	0	0	0	0	0	0	0	0	0	0	bud	22	26	4	1	3	1
ling	Ling	785	125	7	7	15.39	2.8954	1.49	2.1004	4	N/A	2	2	singleword.	0	0	0	2	0	0	0	0	0	0	0	0	0	0	0	0	0	0	0	0	N/A	205	24	5	1	3	1
jag	Jag	89	57	16	16	1.75	1.9542	0.68	1.7634	3	N/A	2	4	singleword.	2	0	0	2	0	0	0	0	0	0	0	0	0	0	0	0	0	0	0	0	N/A	27	28	5	1	3	1
tart	tart	122	93	96	79	2.39	2.0899	1.11	1.9731	4	N/A	2	4	singleword.	0	0	2	2	0	0	0	0	0	0	0	0	0	0	0	0	0	0	0	0	tart	201	22	5	1	3	1
reef	reef	204	79	151	62	4	2.3118	0.94	1.9031	4	N/A	2	4	singleword.	1	0	0	3	0	0	0	0	0	0	0	0	0	0	0	0	0	0	0	0	reef	126	7	5	1.5	3	1
shark	shark	764	258	595	232	14.98	2.8837	3.08	2.4133	5	602	2	4	singleword.	0	1	0	3	0	0	0	0	0	0	0	0	0	0	0	0	0	0	0	0	shark	254	8	5	1.4	3	1
rut	rut	78	44	74	42	1.53	1.8976	0.52	1.6532	3	N/A	2	5	singleword.	1	1	0	3	0	0	0	0	0	0	0	0	0	0	0	0	0	0	0	0	N/A	18	20	5	1	3	1
sage	sage	89	63	57	49	1.75	1.9542	0.75	1.8062	4	434	2	5	singleword.	0	0	1	4	0	0	0	0	0	0	0	0	0	0	0	0	0	0	0	0	sage	91	18	5	1	3	1
shin	Shin	157	62	32	29	3.08	2.1987	0.74	1.7993	4	N/A	2	5	singleword.	1	1	0	3	0	0	0	0	0	0	0	0	0	0	0	0	0	0	0	0	N/A	105	11	5	1.15	3	1
verse	verse	238	170	219	155	4.67	2.3784	2.03	2.233	5	489	2	5	singleword.	1	0	0	4	0	0	0	0	0	0	0	0	0	0	0	0	0	0	0	0	verse	271	7	5	1.5	3	1
dove	dove	284	133	171	122	5.57	2.4548	1.59	2.1271	4	616	2	5	singleword.	0	0	0	4	1	0	0	0	0	0	0	0	0	0	0	0	0	0	0	0	dove	106	20	5	1	3	1
gang	gang	1537	802	1388	742	30.14	3.187	9.56	2.9047	4	535	2	5	singleword.	1	1	0	3	0	0	0	0	0	0	0	0	0	0	0	0	0	0	0	0	gang	185	17	5	1	3	1
pike	Pike	234	79	41	37	4.59	2.3711	0.94	1.9031	4	N/A	4	5	singleword.	0	0	0	5	0	0	0	0	0	0	0	0	0	0	0	0	0	0	0	0	pike	103	17	5	1	3	1
pout	pout	55	48	52	46	1.08	1.7482	0.57	1.6902	4	N/A	2	6	singleword.	1	2	0	3	0	0	0	0	0	0	0	0	0	0	0	0	0	0	0	0	N/A	112	14	5	1	3	1
lark	lark	83	54	61	45	1.63	1.9243	0.64	1.7404	4	573	2	6	singleword.	0	2	0	4	0	0	0	0	0	0	0	0	0	0	0	0	0	0	0	0	N/A	191	15	5	1	3	1
pry	pry	210	187	200	179	4.12	2.3243	2.23	2.2742	3	N/A	2	6	singleword.	2	2	0	2	0	0	0	0	0	0	0	0	0	0	0	0	0	0	0	0	N/A	15	16	5	1	3	1
rape	rape	816	387	739	371	16	2.9122	4.61	2.5888	4	565	2	6	singleword.	2	1	0	3	0	0	0	0	0	0	0	0	0	0	0	0	0	0	0	0	rape	109	20	5	1	3	1
cough	cough	448	334	387	295	8.78	2.6522	3.98	2.525	5	N/A	2	12	singleword.	2	4	0	6	0	0	0	0	0	0	0	0	0	0	0	0	0	0	0	0	cough	252	8	3	1.45	3	1
hip	hip	786	505	668	474	15.41	2.896	6.02	2.7042	3	N/A	3	6	singleword.	0	0	1	4	0	0	0	0	1	0	0	0	0	0	0	0	0	0	0	0	hip	24	27	5	1	3	1
nag	nag	111	63	97	61	2.18	2.0492	0.75	1.8062	3	508	2	7	singleword.	2	2	0	3	0	0	0	0	0	0	0	0	0	0	0	0	0	0	0	0	nag	32	33	5	1	3	1
toll	toll	171	151	155	139	3.35	2.2355	1.8	2.1818	4	419	2	7	singleword.	2	1	0	4	0	0	0	0	0	0	0	0	0	0	0	0	0	0	0	0	toll	189	18	5	1	3	1
cue	cue	397	293	315	248	7.78	2.5999	3.49	2.4683	3	448	2	7	singleword.	3	0	0	4	0	0	0	0	0	0	0	0	0	0	0	0	0	0	0	0	cue	16	17	5	1	3	1
ham	ham	591	335	473	286	11.59	2.7723	3.99	2.5263	3	570	2	7	singleword.	1	1	0	5	0	0	0	0	0	0	0	0	0	0	0	0	0	0	0	0	ham	33	36	5	1	3	1
palm	palm	675	435	344	274	13.24	2.8299	5.19	2.6395	4	555	2	7	singleword.	2	0	0	5	0	0	0	0	0	0	0	0	0	0	0	0	0	0	0	0	palm	129	9	5	1.25	3	1
sap	sap	178	132	171	128	3.49	2.2529	1.57	2.1239	3	451	2	8	singleword.	3	1	0	4	0	0	0	0	0	0	0	0	0	0	0	0	0	0	0	0	sap	36	39	5	1	3	1
pawn	pawn	221	136	201	129	4.33	2.3464	1.62	2.1367	4	479	2	8	singleword.	2	0	0	6	0	0	0	0	0	0	0	0	0	0	0	0	0	0	0	0	pawn	94	7	5	1.35	3	1
jig	jig	87	62	80	58	1.71	1.9445	0.74	1.7993	3	N/A	2	9	singleword.	2	3	0	4	0	0	0	0	0	0	0	0	0	0	0	0	0	0	0	0	N/A	18	19	5	1	3	1
hale	Hale	88	32	5	5	1.73	1.9494	0.38	1.5185	4	376	2	2	singleword.	1	0	1	0	0	0	0	0	0	0	0	0	0	0	0	0	0	0	0	0	N/A	168	26	6	1	3	1
lug	lug	132	104	118	99	2.59	2.1239	1.24	2.0212	3	N/A	2	4	singleword.	1	1	0	2	0	0	0	0	0	0	0	0	0	0	0	0	0	0	0	0	N/A	18	19	6	1	3	1
limb	limb	238	195	237	194	4.67	2.3784	2.32	2.2923	4	580	2	4	singleword.	0	0	0	4	0	0	0	0	0	0	0	0	0	0	0	0	0	0	0	0	limb	82	5	6	1.5	3	1
vet	vet	296	193	288	189	5.8	2.4728	2.3	2.2878	3	494	2	4	singleword.	2	0	0	2	0	0	0	0	0	0	0	0	0	0	0	0	0	0	0	0	vet	23	22	6	1	3	1
shag	shag	97	66	85	57	1.9	1.9912	0.79	1.8261	4	N/A	2	5	singleword.	2	0	1	2	0	0	0	0	0	0	0	0	0	0	0	0	0	0	0	0	shag	87	16	6	1	3	1
mush	mush	143	92	89	73	2.8	2.1584	1.1	1.9685	4	N/A	2	5	singleword.	0	1	0	3	0	0	0	0	1	0	0	0	0	0	0	0	0	0	0	0	N/A	113	17	6	1	3	1
mode	mode	263	198	236	187	5.16	2.4216	2.36	2.2989	4	N/A	2	5	singleword.	0	0	0	5	0	0	0	0	0	0	0	0	0	0	0	0	0	0	0	0	N/A	121	17	6	1	3	1
pod	pod	408	128	285	117	8	2.6117	1.53	2.1106	3	N/A	2	5	singleword.	1	1	0	3	0	0	0	0	0	0	0	0	0	0	0	0	0	0	0	0	N/A	30	32	6	1	3	1
nap	nap	645	487	626	481	12.65	2.8102	5.81	2.6884	3	N/A	2	5	singleword.	1	2	0	2	0	0	0	0	0	0	0	0	0	0	0	0	0	0	0	0	nap	32	31	6	1	3	1
gin	gin	575	317	403	252	11.27	2.7604	3.78	2.5024	3	555	3	5	singleword.	1	0	0	4	0	0	0	0	0	0	0	0	0	0	0	0	0	0	0	0	gin	25	28	6	1	3	1
zip	zip	389	279	231	200	7.63	2.5911	3.33	2.4472	3	N/A	2	6	singleword.	2	2	0	2	0	0	0	0	0	0	0	0	0	0	0	0	0	0	0	0	N/A	17	17	6	1.1	3	1
gig	gig	571	380	553	374	11.2	2.7574	4.53	2.5809	3	437	2	6	singleword.	1	2	0	3	0	0	0	0	0	0	0	0	0	0	0	0	0	0	0	0	N/A	22	22	6	1	3	1
hide	hide	3554	2348	3208	2224	69.69	3.5508	27.99	3.3709	4	430	2	6	singleword.	3	1	0	2	0	0	0	0	0	0	0	0	0	0	0	0	0	0	0	0	hide	81	14	6	1.05	3	1
mole	mole	411	162	316	148	8.06	2.6149	1.93	2.2122	4	567	4	6	singleword.	0	0	0	6	0	0	0	0	0	0	0	0	0	0	0	0	0	0	0	0	mole	179	27	6	1	3	1
peel	peel	273	189	231	164	5.35	2.4378	2.25	2.2788	4	436	2	7	singleword.	2	3	0	2	0	0	0	0	0	0	0	0	0	0	0	0	0	0	0	0	peel	142	15	6	1.05	3	1
pen	pen	1261	816	1164	774	24.73	3.1011	9.73	2.9122	3	576	2	7	singleword.	2	0	0	5	0	0	0	0	0	0	0	0	0	0	0	0	0	0	0	0	pen	26	29	6	1	3	1
con	con	644	387	521	331	12.63	2.8096	4.61	2.5888	3	N/A	3	7	singleword.	3	0	1	2	0	0	1	0	0	0	0	0	0	0	0	0	0	0	0	0	con	33	33	6	1	3	1
shed	shed	560	412	514	398	10.98	2.749	4.91	2.616	4	602	2	8	singleword.	5	2	0	1	0	0	0	0	0	0	0	0	0	0	0	0	0	0	0	0	shed	111	14	6	1	3	1
hawk	Hawk	650	249	150	106	12.75	2.8136	2.97	2.3979	4	591	3	9	singleword.	2	4	0	3	0	0	0	0	0	0	0	0	0	0	0	0	0	0	0	0	hawk	79	5	6	1.45	3	1
bus	bus	3783	1546	3607	1504	74.18	3.578	18.43	3.1895	3	N/A	2	4	singleword.	2	1	0	1	0	0	0	0	0	0	0	0	0	0	0	0	0	0	0	0	bus	16	21	7	1	3	1
hull	hull	215	114	165	96	4.22	2.3345	1.36	2.0607	4	N/A	2	5	singleword.	1	0	0	4	0	0	0	0	0	0	0	0	0	0	0	0	0	0	0	0	hull	132	19	7	1	3	1
keen	keen	228	208	209	192	4.47	2.3598	2.48	2.3201	4	335	2	5	singleword.	0	1	3	1	0	0	0	0	0	0	0	0	0	0	0	0	0	0	0	0	N/A	133	10	7	1.3	3	1
sole	sole	268	236	250	224	5.25	2.4298	2.81	2.3747	4	462	3	5	singleword.	1	0	2	2	0	0	0	0	0	0	0	0	0	0	0	0	0	0	0	0	sole	167	17	7	1	3	1
jade	Jade	259	69	98	43	5.08	2.415	0.82	1.8451	4	459	2	6	singleword.	1	1	0	4	0	0	0	0	0	0	0	0	0	0	0	0	0	0	0	0	N/A	87	13	7	1.2	3	1
wise	wise	1452	1046	1278	963	28.47	3.1623	12.47	3.0199	4	412	2	6	singleword.	0	0	5	1	0	0	0	0	0	0	0	0	0	0	0	0	0	0	0	0	wise	101	14	7	1.05	3	1
mail	mail	1879	1110	1718	1061	36.84	3.2742	13.23	3.0457	4	548	2	6	singleword.	2	0	0	4	0	0	0	0	0	0	0	0	0	0	0	0	0	0	0	0	mail	152	19	7	1	3	1
fell	fell	3723	2423	3604	2393	73	3.571	28.89	3.3845	4	431	4	7	singleword.	3	0	2	1	1	0	0	0	0	0	0	0	0	0	0	0	0	0	0	0	fell	138	21	7	1	3	1
pet	pet	1029	623	910	574	20.18	3.0128	7.43	2.7952	3	589	2	8	singleword.	2	1	2	3	0	0	0	0	0	0	0	0	0	0	0	0	0	0	0	0	pet	25	31	7	1	3	1
fan	fan	1792	1097	1562	1037	35.14	3.2536	13.08	3.0406	3	582	2	8	singleword.	3	2	0	3	0	0	0	0	0	0	0	0	0	0	0	0	0	0	0	0	fan	29	31	7	1	3	1
peep	peep	226	185	177	153	4.43	2.356	2.21	2.2695	4	437	2	9	singleword.	0	5	0	4	0	0	0	0	0	0	0	0	0	0	0	0	0	0	0	0	N/A	132	15	7	1.05	3	1
boil	boil	303	255	271	234	5.94	2.4829	3.04	2.4082	4	533	2	9	singleword.	3	4	0	2	0	0	0	0	0	0	0	0	0	0	0	0	0	0	0	0	boil	117	8	7	1.4	3	1
pat	Pat	933	357	178	156	18.29	2.9703	4.26	2.5539	3	386	2	9	singleword.	2	1	3	2	0	0	1	0	0	0	0	0	0	0	0	0	0	0	0	0	pat	36	42	7	1	3	1
sin	sin	813	494	739	465	15.94	2.9106	5.89	2.6946	3	441	2	5	singleword.	0	1	0	4	0	0	0	0	0	0	0	0	0	0	0	0	0	0	0	0	sin	28	31	8	1	3	1
lime	lime	168	123	143	109	3.29	2.2279	1.47	2.0934	4	563	3	7	singleword.	2	0	0	5	0	0	0	0	0	0	0	0	0	0	0	0	0	0	0	0	lime	103	18	8	1	3	1
pip	Pip	131	50	46	33	2.57	2.1206	0.6	1.7076	3	N/A	5	7	singleword.	1	2	0	4	0	0	0	0	0	0	0	0	0	0	0	0	0	0	0	0	N/A	26	29	8	1	3	1
rib	rib	301	214	264	198	5.9	2.48	2.55	2.3324	3	586	2	8	singleword.	3	0	0	5	0	0	0	0	0	0	0	0	0	0	0	0	0	0	0	0	rib	22	25	8	1	3	1
log	log	610	397	555	370	11.96	2.786	4.73	2.5999	3	N/A	2	8	singleword.	3	1	0	4	0	0	0	0	0	0	0	0	0	0	0	0	0	0	0	0	log	26	27	8	1	3	1
buff	buff	127	98	102	87	2.49	2.1072	1.17	1.9956	4	N/A	2	9	singleword.	2	0	2	5	0	0	0	0	0	0	0	0	0	0	0	0	0	0	0	0	N/A	85	13	8	1.1	3	1
peck	peck	180	84	94	57	3.53	2.2577	1	1.9294	4	494	2	9	singleword.	3	2	0	4	0	0	0	0	0	0	0	0	0	0	0	0	0	0	0	0	N/A	115	15	8	1.15	3	1
jet	jet	721	413	565	361	14.14	2.8585	4.92	2.617	3	585	2	9	singleword.	1	2	2	4	0	0	0	0	0	0	0	0	0	0	0	0	0	0	0	0	jet	23	24	8	1	3	1
tick	tick	370	204	286	184	7.25	2.5694	2.43	2.3118	4	N/A	3	9	singleword.	3	2	0	4	0	0	0	0	0	0	0	0	0	0	0	0	0	0	0	0	tick	121	16	8	1	3	1
crow	crow	227	132	156	107	4.45	2.3579	1.57	2.1239	4	578	2	5	singleword.	0	3	0	2	0	0	0	0	0	0	0	0	0	0	0	0	0	0	0	0	crow	81	11	9	1.15	3	1
ban	ban	160	84	125	71	3.14	2.2068	1	1.9294	3	N/A	3	5	singleword.	1	0	0	4	0	0	0	0	0	0	0	0	0	0	0	0	0	0	0	0	ban	33	35	9	1	3	1
bass	bass	385	224	306	188	7.55	2.5866	2.67	2.3522	4	544	3	5	singleword.	0	0	1	4	0	0	0	0	0	0	0	0	0	0	0	0	0	0	0	0	bass	168	23	9	1	3	1
bush	bush	720	403	369	273	14.12	2.8579	4.8	2.6064	4	549	2	6	singleword.	1	0	0	5	0	0	0	0	0	0	0	0	0	0	0	0	0	0	0	0	bush	122	14	9	1.05	3	1
yard	yard	1278	776	1093	714	25.06	3.1069	9.25	2.8904	4	568	2	6	singleword.	1	0	0	5	0	0	0	0	0	0	0	0	0	0	0	0	0	0	0	0	yard	168	14	9	1.15	3	1
corn	corn	725	403	633	361	14.22	2.8609	4.8	2.6064	4	601	2	7	singleword.	2	0	0	5	0	0	0	0	0	0	0	0	0	0	0	0	0	0	0	0	corn	190	21	9	1	3	1
size	size	2353	1695	2267	1652	46.14	3.3718	20.21	3.2294	4	415	2	7	singleword.	3	0	0	4	0	0	0	0	0	0	0	0	0	0	0	0	0	0	0	0	size	51	5	9	1.5	3	1
pose	pose	347	256	329	247	6.8	2.5416	3.05	2.4099	4	N/A	2	8	singleword.	3	3	0	2	0	0	0	0	0	0	0	0	0	0	0	0	0	0	0	0	N/A	125	20	9	1	3	1
page	page	1912	1146	1512	1024	37.49	3.2817	13.66	3.0596	4	555	2	8	singleword.	2	1	0	5	0	0	0	0	0	0	0	0	0	0	0	0	0	0	0	0	page	102	15	9	1	3	1
coil	coil	82	61	82	61	1.61	1.9191	0.73	1.7924	4	492	2	9	singleword.	1	2	0	6	0	0	0	0	0	0	0	0	0	0	0	0	0	0	0	0	N/A	124	15	9	1.1	3	1
forge	Forge	166	103	80	78	3.25	2.2227	1.23	2.017	5	N/A	2	9	singleword.	3	4	0	2	0	0	0	0	0	0	0	0	0	0	0	0	0	0	0	0	N/A	268	5	9	1.4	3	1
file	file	2246	1279	2129	1243	44.04	3.3516	15.25	3.1072	4	442	2	9	singleword.	3	2	0	4	0	0	0	0	0	0	0	0	0	0	0	0	0	0	0	0	file	151	23	9	1	3	1
cat	cat	3383	1386	2855	1241	66.33	3.5294	16.52	3.1421	3	617	2	5	singleword.	0	0	0	5	0	0	0	0	0	0	0	0	0	0	0	0	0	0	0	0	cat	35	38	10	1	3	1
bat	bat	1052	561	913	525	20.63	3.0224	6.69	2.7497	3	586	3	6	singleword.	2	1	0	3	0	0	0	0	0	0	0	0	0	0	0	0	0	0	0	0	bat	37	39	10	1	3	1
sheet	sheet	592	464	579	459	11.61	2.7731	5.53	2.6675	5	594	2	8	singleword.	2	0	0	6	0	0	0	0	0	0	0	0	0	0	0	0	0	0	0	0	sheet	268	7	10	1.55	3	1
pot	pot	1149	763	1084	736	22.53	3.0607	9.1	2.8831	3	598	2	8	singleword.	3	0	0	5	0	0	0	0	0	0	0	0	0	0	0	0	0	0	0	0	pot	30	36	10	1	3	1
jerk	jerk	1690	1110	1531	1031	33.14	3.2281	13.23	3.0457	4	479	2	6	singleword.	2	1	0	3	0	0	0	0	0	0	0	0	0	0	0	0	0	0	0	0	jerk	117	5	11	1.55	3	1
rag	rag	244	184	236	178	4.78	2.3892	2.19	2.2672	3	N/A	3	7	singleword.	1	0	0	6	0	0	0	0	0	0	0	0	0	0	0	0	0	0	0	0	rag	28	30	11	1	3	1
card	card	4357	2107	4236	2076	85.43	3.6393	25.12	3.3239	4	578	2	6	singleword.	1	0	0	5	0	0	0	0	0	0	0	0	0	0	0	0	0	0	0	0	card	202	21	13	1	3	1
rail	rail	233	176	215	162	4.57	2.3692	2.1	2.248	4	556	3	6	singleword.	1	1	0	4	0	0	0	0	0	0	0	0	0	0	0	0	0	0	0	0	rail	133	17	15	1	3	1
firm	firm	1799	966	1754	944	35.27	3.2553	11.52	2.9854	4	404	2	8	singleword.	1	1	4	1	0	0	1	0	0	0	0	0	0	0	0	0	0	0	0	0	firm	86	5	15	1.6	3	1
base	base	1804	1011	1584	940	35.37	3.2565	12.05	3.0052	4	436	2	9	singleword.	2	0	2	5	0	0	0	0	0	0	0	0	0	0	0	0	0	0	0	0	base	151	18	29	1	3	1
soil	soil	397	291	383	282	7.78	2.5999	3.47	2.4654	4	566	2	10	singleword.	2	1	0	7	0	0	0	0	0	0	0	0	0	0	0	0	0	0	0	0	soil	97	10	5	1.25	3	1
fry	fry	428	329	352	293	8.39	2.6325	3.92	2.5185	3	N/A	2	10	singleword.	2	2	0	6	0	0	0	0	0	0	0	0	0	0	0	0	0	0	0	0	fry	12	14	6	1.05	3	1
bail	bail	885	522	793	497	17.35	2.9474	6.22	2.7185	4	480	3	11	singleword.	4	1	0	6	0	0	0	0	0	0	0	0	0	0	0	0	0	0	0	0	N/A	141	18	7	1	3	1
lash	lash	85	73	58	54	1.67	1.9345	0.87	1.8692	4	N/A	2	12	singleword.	5	3	0	4	0	0	0	0	0	0	0	0	0	0	0	0	0	0	0	0	lash	149	19	7	1	3	1
hail	Hail	613	334	191	137	12.02	2.7882	3.98	2.525	4	477	2	12	singleword.	4	3	0	4	0	0	0	0	1	0	0	0	0	0	0	0	0	0	0	0	hail	134	17	7	1	3	1
rate	rate	1271	943	1250	934	24.92	3.1045	11.24	2.975	4	311	2	14	singleword.	5	3	0	6	0	0	0	0	0	0	0	0	0	0	0	0	0	0	0	0	rate	154	28	7	1	3	1
foil	foil	62	53	60	52	1.22	1.7993	0.63	1.7324	4	495	3	10	singleword.	3	0	0	7	0	0	0	0	0	0	0	0	0	0	0	0	0	0	0	0	foil	80	11	8	1.3	3	1
gall	gall	101	82	92	77	1.98	2.0086	0.98	1.9191	4	N/A	3	10	singleword.	2	1	0	7	0	0	0	0	0	0	0	0	0	0	0	0	0	0	0	0	N/A	174	22	8	1	3	1
cock	cock	580	313	523	289	11.37	2.7642	3.73	2.4969	4	586	3	12	singleword.	3	2	0	7	0	0	0	0	0	0	0	0	0	0	0	0	0	0	0	0	N/A	160	17	8	1	3	1
duck	duck	1263	703	938	562	24.76	3.1017	8.38	2.8476	4	632	3	12	singleword.	3	3	0	6	0	0	0	0	0	0	0	0	0	0	0	0	0	0	0	0	duck	110	18	8	1	3	1
nip	nip	165	128	121	111	3.24	2.2201	1.53	2.1106	3	486	2	11	singleword.	5	2	0	4	0	0	0	0	0	0	0	0	0	0	0	0	0	0	0	0	N/A	21	20	9	1	3	1
hop	hop	977	652	563	416	19.16	2.9903	7.77	2.8149	3	554	2	11	singleword.	3	3	0	5	0	0	0	0	0	0	0	0	0	0	0	0	0	0	0	0	hop	28	31	9	1	3	1
bark	bark	280	207	240	188	5.49	2.4487	2.47	2.3181	4	539	2	10	singleword.	3	3	0	4	0	0	0	0	0	0	0	0	0	0	0	0	0	0	0	0	bark	205	25	9	1	3	1
gag	gag	360	271	339	255	7.06	2.5575	3.23	2.4346	3	N/A	2	10	singleword.	4	2	0	4	0	0	0	0	0	0	0	0	0	0	0	0	0	0	0	0	gag	30	30	9	1	3	1
mill	mill	486	191	350	154	9.53	2.6875	2.28	2.2833	4	N/A	2	10	singleword.	4	1	0	5	0	0	0	0	0	0	0	0	0	0	0	0	0	0	0	0	mill	172	25	9	1	3	1
reel	reel	166	110	137	100	3.25	2.2227	1.31	2.0453	4	487	3	11	singleword.	3	4	0	4	0	0	0	0	0	0	0	0	0	0	0	0	0	0	0	0	reel	136	13	9	1	3	1
jog	jog	123	99	110	95	2.41	2.0934	1.18	2	3	504	2	12	singleword.	3	5	0	4	0	0	0	0	0	0	0	0	0	0	0	0	0	0	0	0	jog	20	21	9	1	3	1
tag	tag	708	481	544	418	13.88	2.8506	5.73	2.683	3	N/A	2	13	singleword.	5	1	0	7	0	0	0	0	0	0	0	0	0	0	0	0	0	0	0	0	tag	36	38	9	1	3	1
rock	rock	4394	1905	3219	1631	86.16	3.643	22.71	3.2801	4	612	2	13	singleword.	3	3	1	6	0	0	0	0	0	0	0	0	0	0	0	0	0	0	0	0	rock	130	15	9	1	3	1
buck	Buck	1721	697	612	469	33.75	3.236	8.31	2.8439	4	N/A	4	13	singleword.	4	3	1	5	0	0	0	0	0	0	0	0	0	0	0	0	0	0	0	0	buck	120	18	9	1	3	1
rake	rake	152	87	97	80	2.98	2.1847	1.04	1.9445	4	550	3	17	singleword.	8	4	0	5	0	0	0	0	0	0	0	0	0	0	0	0	0	0	0	0	rake	122	23	9	1	3	1
lean	lean	529	427	385	336	10.37	2.7243	5.09	2.6314	4	472	2	11	singleword.	1	4	3	3	0	0	0	0	0	0	0	0	0	0	0	0	0	0	0	0	lean	163	17	10	1	3	1
gum	gum	683	442	616	416	13.39	2.8351	5.27	2.6464	3	N/A	2	12	singleword.	3	2	0	7	0	0	0	0	0	0	0	0	0	0	0	0	0	0	0	0	gum	21	23	10	1	3	1
cap	cap	956	619	687	524	18.75	2.9809	7.38	2.7924	3	N/A	2	12	singleword.	5	0	0	7	0	0	0	0	0	0	0	0	0	0	0	0	0	0	0	0	cap	30	30	10	1	3	1
boom	boom	1112	585	609	390	21.8	3.0465	6.97	2.7679	4	N/A	2	12	singleword.	2	3	0	7	0	0	0	0	0	0	0	0	0	0	0	0	0	0	0	0	boom	165	12	10	1.05	3	1
mat	mat	178	139	166	135	3.49	2.2529	1.66	2.1461	3	537	3	12	singleword.	3	1	1	6	1	0	0	0	0	0	0	0	0	0	0	0	0	0	0	0	mat	38	39	10	1	3	1
rap	rap	665	429	609	408	13.04	2.8235	5.11	2.6335	3	388	3	12	singleword.	4	2	0	6	0	0	0	0	0	0	0	0	0	0	0	0	0	0	0	0	rap	28	28	10	1	3	1
race	race	3157	1154	3014	1121	61.9	3.4994	13.76	3.0626	4	457	2	13	singleword.	2	2	0	9	0	0	0	0	0	0	0	0	0	0	0	0	0	0	0	0	race	113	20	10	1	3	1
bowl	bowl	1094	682	817	563	21.45	3.0394	8.13	2.8344	4	579	2	14	singleword.	2	3	0	9	0	0	0	0	0	0	0	0	0	0	0	0	0	0	0	0	bowl	107	10	10	1.25	3	1
knot	knot	188	151	187	150	3.69	2.2765	1.8	2.1818	4	N/A	2	15	singleword.	4	3	0	8	0	0	0	0	0	0	0	0	0	0	0	0	0	0	0	0	knot	43	6	10	1.6	3	1
pipe	pipe	989	643	853	558	19.39	2.9956	7.67	2.8089	4	598	2	15	singleword.	4	2	0	9	0	0	0	0	0	0	0	0	0	0	0	0	0	0	0	0	pipe	85	12	10	1.15	3	1
heel	heel	377	281	305	242	7.39	2.5775	3.35	2.4502	4	597	2	11	singleword.	2	2	0	7	0	0	0	0	0	0	0	0	0	0	0	0	0	0	0	0	heel	139	14	11	1.05	3	1
pool	pool	2396	1200	2311	1180	46.98	3.3797	14.31	3.0795	4	577	2	11	singleword.	1	2	0	8	0	0	0	0	0	0	0	0	0	0	0	0	0	0	0	0	pool	151	15	11	1.05	3	1
jam	jam	690	461	592	413	13.53	2.8395	5.5	2.6646	3	569	2	13	singleword.	6	3	0	4	0	0	0	0	0	0	0	0	0	0	0	0	0	0	0	0	jam	28	27	11	1	3	1
pad	pad	415	327	390	312	8.14	2.6191	3.9	2.5159	3	N/A	2	14	singleword.	3	1	0	10	0	0	0	0	0	0	0	0	0	0	0	0	0	0	0	0	pad	33	35	11	1	3	1
pile	pile	672	529	642	508	13.18	2.828	6.31	2.7243	4	513	3	15	singleword.	5	3	0	7	0	0	0	0	0	0	0	0	0	0	0	0	0	0	0	0	pile	157	19	11	1	3	1
pit	pit	674	450	602	419	13.22	2.8293	5.36	2.6542	3	589	2	16	singleword.	4	1	0	11	0	0	0	0	0	0	0	0	0	0	0	0	0	0	0	0	pit	30	36	11	1	3	1
lap	lap	687	519	647	496	13.47	2.8376	6.19	2.716	3	531	3	18	singleword.	6	4	0	8	0	0	0	0	0	0	0	0	0	0	0	0	0	0	0	0	lap	34	35	11	1	3	1
net	net	793	541	699	479	15.55	2.8998	6.45	2.734	3	540	2	11	singleword.	3	0	3	5	0	0	0	0	0	0	0	0	0	0	0	0	0	0	0	0	net	23	25	12	1	3	1
bob	Bob	4666	968	86	57	91.49	3.669	11.54	2.9863	3	N/A	3	12	singleword.	3	3	0	6	0	0	0	0	0	0	0	0	0	0	0	0	0	0	0	0	N/A	31	32	12	1	3	1
bang	bang	1019	588	625	433	19.98	3.0086	7.01	2.7701	4	470	2	13	singleword.	4	3	0	5	0	0	1	0	0	0	0	0	0	0	0	0	0	0	0	0	bang	201	23	12	1	3	1
dock	dock	497	307	441	289	9.75	2.6972	3.66	2.4886	4	559	4	13	singleword.	5	2	0	6	0	0	0	0	0	0	0	0	0	0	0	0	0	0	0	0	dock	141	16	12	1.05	3	1
butt	butt	1967	1295	1856	1255	38.57	3.294	15.44	3.1126	4	N/A	4	14	singleword.	4	3	0	7	0	0	0	0	0	0	0	0	0	0	0	0	0	0	0	0	butt	78	10	12	1.3	3	1
sack	sack	659	504	586	488	12.92	2.8195	6.01	2.7033	4	548	3	11	singleword.	3	0	0	8	0	0	0	0	0	0	0	0	0	0	0	0	0	0	0	0	sack	145	19	13	1	3	1
port	port	741	382	544	312	14.53	2.8704	4.55	2.5832	4	546	5	16	singleword.	2	1	2	11	0	0	0	0	0	0	0	0	0	0	0	0	0	0	0	0	port	170	20	14	1	3	1
tip	tip	1409	1031	1326	995	27.63	3.1492	12.29	3.0137	3	483	4	20	singleword.	7	4	0	9	0	0	0	0	0	0	0	0	0	0	0	0	0	0	0	0	tip	26	28	14	1	3	1
lock	lock	2885	1866	2267	1548	56.57	3.4603	22.25	3.2711	4	532	2	12	singleword.	3	3	0	6	0	0	0	0	0	0	0	0	0	0	0	0	0	0	0	0	lock	143	19	15	1	3	1
seal	seal	752	472	565	382	14.75	2.8768	5.63	2.6749	4	563	2	14	singleword.	4	1	0	9	0	0	0	0	0	0	0	0	0	0	0	0	0	0	0	0	seal	147	18	15	1	3	1
root	root	534	382	473	357	10.47	2.7284	4.55	2.5832	4	565	3	16	singleword.	4	6	0	6	0	0	0	0	0	0	0	0	0	0	0	0	0	0	0	0	root	153	17	15	1	3	1
bull	bull	1403	665	917	497	27.51	3.1474	7.93	2.8235	4	N/A	2	10	singleword.	1	0	3	6	0	0	0	0	0	0	0	0	0	0	0	0	0	0	0	0	bull	145	18	15	1	3	1
ring	ring	4730	2075	4299	1973	92.75	3.675	24.74	3.3172	4	601	2	28	singleword.	5	8	0	15	0	0	0	0	0	0	0	0	0	0	0	0	0	0	0	0	ring	191	17	15	1	3	1
shock	shock	1468	1085	1402	1053	28.78	3.167	12.94	3.0358	5	471	3	11	singleword.	4	1	0	6	0	0	0	0	0	0	0	0	0	0	0	0	0	0	0	0	shock	249	7	16	1.5	3	1
rush	rush	1602	1231	1503	1177	31.41	3.2049	14.68	3.0906	4	404	2	13	singleword.	3	4	0	6	0	0	0	0	0	0	0	0	0	0	0	0	0	0	0	0	rush	111	16	16	1	3	1
hack	hack	436	288	351	269	8.55	2.6405	3.43	2.4609	4	N/A	2	19	singleword.	6	5	2	6	0	0	0	0	0	0	0	0	0	0	0	0	0	0	0	0	N/A	151	20	16	1	3	1
rack	rack	397	320	362	303	7.78	2.5999	3.81	2.5065	4	439	5	15	singleword.	5	2	0	8	0	0	0	0	0	0	0	0	0	0	0	0	0	0	0	0	rack	150	20	18	1	3	1
fly	fly	4335	2117	4008	2045	85	3.6371	25.24	3.3259	3	582	2	15	singleword.	3	6	0	6	0	0	0	0	0	0	0	0	0	0	0	0	0	0	0	0	fly	9	11	20	1.25	3	1
tap	tap	752	480	653	440	14.75	2.8768	5.72	2.6821	3	541	2	16	singleword.	7	1	0	8	0	0	0	0	0	0	0	0	0	0	0	0	0	0	0	0	tap	36	38	20	1	3	1
pack	pack	2235	1592	1947	1423	43.82	3.3495	18.98	3.2022	4	N/A	2	17	singleword.	8	3	1	5	0	0	0	0	0	0	0	0	0	0	0	0	0	0	0	0	pack	156	25	22	1	3	1
blow	blow	4976	2826	4475	2660	97.57	3.697	33.69	3.4513	4	458	2	17	singleword.	7	5	0	5	0	0	0	0	0	0	0	0	0	0	0	0	0	0	0	0	blow	81	11	29	1.05	3	1
mark	Mark	4183	1587	1393	983	82.02	3.6216	18.92	3.2009	4	434	2	17	singleword.	6	3	0	8	0	0	0	0	0	0	0	0	0	0	0	0	0	0	0	0	mark	216	25	30	1	3	1
lead	lead	4246	2517	4021	2426	83.25	3.6281	30.01	3.4011	4	488	2	30	singleword.	10	5	2	13	0	0	0	0	0	0	0	0	0	0	0	0	0	0	0	0	lead	137	15	32	1	3	1
chess	chess	380	189	332	176	7.45	2.5809	2.25	2.2788	5	N/A	3	3	singleword.	0	0	0	3	0	0	0	0	0	0	0	0	0	0	0	0	0	0	0	0	chess	212	4	2	1.7	3	1
chum	chum	156	94	132	91	3.06	2.1959	1.12	1.9777	4	N/A	2	5	singleword.	1	2	0	2	0	0	0	0	0	0	0	0	0	0	0	0	0	0	0	0	N/A	68	8	3	1.4	3	1
couch	couch	1197	792	1171	776	23.47	3.0785	9.44	2.8993	5	536	2	8	singleword.	2	4	0	2	0	0	0	0	0	0	0	0	0	0	0	0	0	0	0	0	couch	341	9	4	1.4	3	1
chap	chap	324	228	311	222	6.35	2.5119	2.72	2.3598	4	N/A	2	4	singleword.	1	1	0	2	0	0	0	0	0	0	0	0	0	0	0	0	0	0	0	0	N/A	95	15	5	1	3	1
roach	roach	135	73	89	59	2.65	2.1335	0.87	1.8692	5	N/A	2	3	singleword.	0	0	0	3	0	0	0	0	0	0	0	0	0	0	0	0	0	0	0	0	roach	259	5	7	1.65	3	1
hatch	hatch	654	258	508	245	12.82	2.8162	3.08	2.4133	5	N/A	3	9	singleword.	3	1	0	5	0	0	0	0	0	0	0	0	0	0	0	0	0	0	0	0	hatch	309	10	8	1.4	3	1
chip	chip	1051	490	799	413	20.61	3.022	5.84	2.6911	4	N/A	2	8	singleword.	0	2	0	6	0	0	0	0	0	0	0	0	0	0	0	0	0	0	0	0	chip	79	14	14	1.05	3	1
match	match	2521	1557	2416	1521	49.43	3.4017	18.56	3.1926	5	490	2	9	singleword.	3	1	0	5	0	0	0	0	0	0	0	0	0	0	0	0	0	0	0	0	match	340	9	19	1.4	3	1
chase	chase	1673	944	894	743	32.8	3.2238	11.25	2.9754	5	N/A	3	12	singleword.	5	2	0	5	0	0	0	0	0	0	0	0	0	0	0	0	0	0	0	0	chase	307	5	6	1.4	3	1
chuck	Chuck	1096	363	106	91	21.49	3.0402	4.33	2.5611	5	N/A	3	10	singleword.	5	0	0	5	0	0	0	0	0	0	0	0	0	0	0	0	0	0	0	0	chuck	212	6	7	1.55	3	1
chop	chop	694	453	551	393	13.61	2.842	5.4	2.6571	4	575	3	10	singleword.	4	2	0	4	0	0	0	0	0	0	0	0	0	0	0	0	0	0	0	0	chop	88	14	10	1	3	1
hitch	hitch	208	170	168	152	4.08	2.3201	2.03	2.233	5	N/A	2	11	singleword.	3	3	0	5	0	0	0	0	0	0	0	0	0	0	0	0	0	0	0	0	hitch	226	14	12	1.25	3	1
pitch	pitch	792	474	744	454	15.53	2.8993	5.65	2.6767	5	N/A	2	23	singleword.	7	7	0	9	0	0	0	0	0	0	0	0	0	0	0	0	0	0	0	0	pitch	255	14	22	1.15	3	1
bop	bop	94	38	64	30	1.84	1.9777	0.45	1.5911	3	N/A	2	3	singleword.	1	0	0	2	0	0	0	0	0	0	0	0	0	0	0	0	0	0	0	0	N/A	28	27	4	1	3	1
peaked	peaked	62	56	61	56	1.22	1.7993	0.67	1.7559	6	N/A	2	2	singleword.	0	0	2	0	0	0	0	0	0	0	0	0	0	0	0	0	0	0	0	0	N/A	1539	6	2	1.7	4	1
spear	spear	232	108	173	98	4.55	2.3674	1.29	2.0374	5	545	2	6	singleword.	2	1	0	3	0	0	0	0	0	0	0	0	0	0	0	0	0	0	0	0	N/A	200	5	4	1.55	4	1
steer	steer	305	237	260	210	5.98	2.4857	2.83	2.3766	5	N/A	2	6	singleword.	2	2	0	2	0	0	0	0	0	0	0	0	0	0	0	0	0	0	0	0	steer	487	7	5	1.45	4	1
glare	glare	82	72	80	71	1.61	1.9191	0.86	1.8633	5	536	2	7	singleword.	1	2	0	4	0	0	0	0	0	0	0	0	0	0	0	0	0	0	0	0	glare	289	7	6	1.45	4	1
stir	stir	301	250	274	234	5.9	2.48	2.98	2.3997	4	N/A	2	11	singleword.	5	3	0	3	0	0	0	0	0	0	0	0	0	0	0	0	0	0	0	0	stir	42	5	11	1.5	4	1
stole	stole	2711	1705	2628	1672	53.16	3.4333	20.33	3.232	5	441	2	3	singleword.	0	0	0	2	1	0	0	0	0	0	0	0	0	0	0	0	0	0	0	0	N/A	259	8	1	1.35	4	1
sperm	sperm	318	161	300	152	6.24	2.5038	1.92	2.2095	5	548	2	4	singleword.	0	0	0	4	0	0	0	0	0	0	0	0	0	0	0	0	0	0	0	0	N/A	145	0	1	1.85	4	1
brook	brook	104	70	70	48	2.04	2.0212	0.83	1.8513	5	597	2	2	singleword.	1	0	0	1	0	0	0	0	0	0	0	0	0	0	0	0	0	0	0	0	brook	233	4	2	1.65	4	1
gram	gram	132	93	102	73	2.59	2.1239	1.11	1.9731	4	N/A	2	2	singleword.	0	0	0	2	0	0	0	0	0	0	0	0	0	0	0	0	0	0	0	0	N/A	117	16	2	1	4	1
stove	stove	387	282	377	275	7.59	2.5888	3.36	2.4518	5	592	2	3	singleword.	0	0	0	2	1	0	0	0	0	0	0	0	0	0	0	0	0	0	0	0	stove	210	8	2	1.4	4	1
mule	mule	358	213	323	202	7.02	2.5551	2.54	2.3304	4	608	2	4	singleword.	0	0	0	4	0	0	0	0	0	0	0	0	0	0	0	0	0	0	0	0	mule	121	11	2	1.35	4	1
spoke	spoke	1970	1505	1945	1490	38.63	3.2947	17.94	3.1778	5	466	2	4	singleword.	1	0	0	2	1	0	0	0	0	0	0	0	0	0	0	0	0	0	0	0	N/A	152	6	2	1.45	4	1
clock	clock	2990	1639	2893	1608	58.63	3.4758	19.54	3.2148	5	614	2	4	singleword.	1	1	0	2	0	0	0	0	0	0	0	0	0	0	0	0	0	0	0	0	clock	227	8	2	1.4	4	1
quail	quail	68	40	54	31	1.33	1.8388	0.48	1.6128	5	505	2	2	singleword.	0	1	0	1	0	0	0	0	0	0	0	0	0	0	0	0	0	0	0	0	quail	123	0	3	1.85	4	1
rand	Rand	120	45	9	5	2.35	2.0828	0.54	1.6628	4	N/A	2	2	singleword.	0	0	0	2	0	0	0	0	0	0	0	0	0	0	0	0	0	0	0	0	N/A	170	17	3	1	4	1
bride	bride	1235	638	1148	612	24.22	3.092	7.61	2.8055	5	N/A	2	2	singleword.	0	0	0	2	0	0	0	0	0	0	0	0	0	0	0	0	0	0	0	0	bride	247	4	3	1.45	4	1
bleak	bleak	55	52	54	51	1.08	1.7482	0.62	1.7243	5	435	2	3	singleword.	0	0	2	1	0	0	0	0	0	0	0	0	0	0	0	0	0	0	0	0	N/A	179	2	3	1.8	4	1
twit	twit	71	65	68	62	1.39	1.8573	0.77	1.8195	4	N/A	2	3	singleword.	1	0	0	2	0	0	0	0	0	0	0	0	0	0	0	0	0	0	0	0	N/A	52	5	3	1.4	4	1
hind	hind	125	56	64	50	2.45	2.1004	0.67	1.7559	4	424	2	3	singleword.	0	0	1	2	0	0	0	0	0	0	0	0	0	0	0	0	0	0	0	0	N/A	155	13	3	1.05	4	1
skate	skate	301	123	277	122	5.9	2.48	1.47	2.0934	5	563	2	3	singleword.	0	1	0	2	0	0	0	0	0	0	0	0	0	0	0	0	0	0	0	0	skate	161	4	3	1.6	4	1
tend	tend	626	543	609	531	12.27	2.7973	6.47	2.7356	4	N/A	2	4	singleword.	1	3	0	0	0	0	0	0	0	0	0	0	0	0	0	0	0	0	0	0	tend	125	12	3	1.1	4	1
drove	drove	1472	1101	1413	1076	28.86	3.1682	13.13	3.0422	5	353	2	5	singleword.	1	1	0	2	1	0	0	0	0	0	0	0	0	0	0	0	0	0	0	0	drove	225	6	3	1.5	4	1
prune	prune	75	62	62	52	1.47	1.8808	0.74	1.7993	5	578	2	6	singleword.	4	0	0	2	0	0	0	0	0	0	0	0	0	0	0	0	0	0	0	0	prune	211	2	3	1.7	4	1
junk	junk	784	570	742	552	15.37	2.8949	6.8	2.7566	4	N/A	2	6	singleword.	1	0	0	5	0	0	0	0	0	0	0	0	0	0	0	0	0	0	0	0	junk	114	11	3	1.3	4	1
freak	freak	1874	1198	1741	1148	36.75	3.273	14.28	3.0788	5	N/A	2	6	singleword.	1	1	1	3	0	0	0	0	0	0	0	0	0	0	0	0	0	0	0	0	freak	202	4	3	1.7	4	1
mast	mast	83	57	70	49	1.63	1.9243	0.68	1.7634	4	558	2	3	singleword.	0	0	0	3	0	0	0	0	0	0	0	0	0	0	0	0	0	0	0	0	N/A	184	24	4	1	4	1
deuce	deuce	146	84	82	62	2.86	2.1673	1	1.9294	5	N/A	2	3	singleword.	0	0	0	3	0	0	0	0	0	0	0	0	0	0	0	0	0	0	0	0	N/A	136	1	4	1.75	4	1
plight	plight	63	52	62	51	1.24	1.8062	0.62	1.7243	6	N/A	2	4	singleword.	3	0	0	1	0	0	0	0	0	0	0	0	0	0	0	0	0	0	0	0	N/A	214	4	4	1.75	4	1
dent	dent	180	125	131	112	3.53	2.2577	1.49	2.1004	4	486	2	4	singleword.	1	1	0	2	0	0	0	0	0	0	0	0	0	0	0	0	0	0	0	0	dent	153	21	4	1	4	1
frog	frog	603	271	504	245	11.82	2.781	3.23	2.4346	4	617	2	5	singleword.	0	0	0	5	0	0	0	0	0	0	0	0	0	0	0	0	0	0	0	0	frog	67	9	4	1.35	4	1
funk	funk	161	78	129	69	3.16	2.2095	0.93	1.8976	4	N/A	2	6	singleword.	2	1	0	3	0	0	0	0	0	0	0	0	0	0	0	0	0	0	0	0	N/A	114	13	4	1.15	4	1
prop	prop	188	140	167	127	3.69	2.2765	1.67	2.1492	4	450	3	6	singleword.	2	0	0	4	0	0	0	0	0	0	0	0	0	0	0	0	0	0	0	0	N/A	86	17	4	1	4	1
spade	Spade	118	57	55	38	2.31	2.0755	0.68	1.7634	5	578	2	7	singleword.	1	0	0	6	0	0	0	0	0	0	0	0	0	0	0	0	0	0	0	0	spade	174	8	4	1.45	4	1
tram	tram	70	40	63	33	1.37	1.8513	0.48	1.6128	4	N/A	3	7	singleword.	2	1	0	4	0	0	0	0	0	0	0	0	0	0	0	0	0	0	0	0	N/A	115	10	4	1.25	4	1
wax	wax	461	277	394	266	9.04	2.6646	3.3	2.444	3	547	2	8	singleword.	1	3	0	4	0	0	0	0	0	0	0	0	0	0	0	0	0	0	0	0	wax	21	19	4	1	4	1
swarm	swarm	68	58	60	53	1.33	1.8388	0.69	1.7709	5	488	2	9	singleword.	2	4	0	3	0	0	0	0	0	0	0	0	0	0	0	0	0	0	0	0	N/A	157	0	4	1.85	4	1
fluke	fluke	89	65	80	61	1.75	1.9542	0.77	1.8195	5	N/A	3	4	singleword.	0	0	0	4	0	0	0	0	0	0	0	0	0	0	0	0	0	0	0	0	N/A	143	3	5	1.7	4	1
frail	frail	81	70	77	69	1.59	1.9138	0.83	1.8513	5	430	2	5	singleword.	0	0	4	1	0	0	0	0	0	0	0	0	0	0	0	0	0	0	0	0	frail	247	4	5	1.7	4	1
limp	limp	187	152	183	149	3.67	2.2742	1.81	2.1847	4	512	2	5	singleword.	0	2	2	1	0	0	0	0	0	0	0	0	0	0	0	0	0	0	0	0	limp	103	12	5	1.1	4	1
quack	quack	236	86	155	74	4.63	2.3747	1.03	1.9395	5	446	2	6	singleword.	0	2	1	3	0	0	0	0	0	0	0	0	0	0	0	0	0	0	0	0	quack	173	2	5	1.8	4	1
truck	truck	3716	1555	3571	1537	72.86	3.5702	18.54	3.192	5	621	2	12	singleword.	2	4	0	6	0	0	0	0	0	0	0	0	0	0	0	0	0	0	0	0	truck	194	4	3	1.6	4	1
cost	cost	2801	1995	2688	1944	54.92	3.4475	23.78	3.3002	4	401	2	12	singleword.	4	2	0	6	0	0	0	0	0	0	0	0	0	0	0	0	0	0	0	0	cost	170	17	5	1	4	1
raft	raft	240	131	224	122	4.71	2.382	1.56	2.1206	4	N/A	2	7	singleword.	2	1	0	4	0	0	0	0	0	0	0	0	0	0	0	0	0	0	0	0	raft	85	10	5	1.1	4	1
slug	slug	253	189	228	177	4.96	2.4048	2.25	2.2788	4	N/A	2	7	singleword.	2	0	0	5	0	0	0	0	0	0	0	0	0	0	0	0	0	0	0	0	slug	60	11	5	1.3	4	1
scarf	scarf	239	165	235	163	4.69	2.3802	1.97	2.2201	5	N/A	3	8	singleword.	4	1	0	3	0	0	0	0	0	0	0	0	0	0	0	0	0	0	0	0	scarf	161	5	5	1.55	4	1
sling	sling	117	103	104	92	2.29	2.0719	1.23	2.017	5	N/A	2	6	singleword.	2	0	0	4	0	0	0	0	0	0	0	0	0	0	0	0	0	0	0	0	sling	303	10	6	1.35	4	1
brake	brake	305	196	252	173	5.98	2.4857	2.34	2.2945	5	511	3	7	singleword.	1	2	0	4	0	0	0	0	0	0	0	0	0	0	0	0	0	0	0	0	brake	260	5	6	1.45	4	1
paste	paste	87	71	81	65	1.71	1.9445	0.85	1.8573	5	529	2	8	singleword.	3	0	0	5	0	0	0	0	0	0	0	0	0	0	0	0	0	0	0	0	paste	320	12	6	1.1	4	1
steep	steep	125	109	122	107	2.45	2.1004	1.3	2.0414	5	N/A	2	8	singleword.	2	1	2	3	0	0	0	0	0	0	0	0	0	0	0	0	0	0	0	0	steep	214	8	6	1.45	4	1
toast	toast	1707	1104	1614	1063	33.47	3.2325	13.16	3.0434	5	594	2	9	singleword.	3	2	0	4	0	0	0	0	0	0	0	0	0	0	0	0	0	0	0	0	toast	241	3	6	1.7	4	1
stern	Stern	327	154	140	106	6.41	2.5159	1.84	2.1903	5	424	2	3	singleword.	0	0	2	1	0	0	0	0	0	0	0	0	0	0	0	0	0	0	0	0	stern	198	3	7	1.65	4	1
wound	wound	1353	937	1316	926	26.53	3.1316	11.17	2.9722	5	570	2	5	singleword.	1	1	0	2	1	0	0	0	0	0	0	0	0	0	0	0	0	0	0	0	wound	197	8	7	1.55	4	1
list	list	4110	2176	4045	2151	80.59	3.6139	25.94	3.3379	4	N/A	2	5	singleword.	1	2	0	2	0	0	0	0	0	0	0	0	0	0	0	0	0	0	0	0	list	139	16	7	1	4	1
cube	cube	152	91	121	70	2.98	2.1847	1.08	1.9638	4	575	2	6	singleword.	2	0	0	4	0	0	0	0	0	0	0	0	0	0	0	0	0	0	0	0	cube	65	9	7	1.3	4	1
mint	mint	277	204	201	159	5.43	2.444	2.43	2.3118	4	N/A	2	7	singleword.	2	0	1	4	0	0	0	0	0	0	0	0	0	0	0	0	0	0	0	0	mint	191	25	7	1	4	1
pulse	pulse	1200	530	823	474	23.53	3.0795	6.32	2.7251	5	N/A	2	7	singleword.	0	1	0	6	0	0	0	0	0	0	0	0	0	0	0	0	0	0	0	0	N/A	208	1	7	1.75	4	1
drone	drone	144	54	133	53	2.82	2.1614	0.64	1.7404	5	N/A	2	8	singleword.	1	2	0	5	0	0	0	0	0	0	0	0	0	0	0	0	0	0	0	0	N/A	270	6	7	1.6	4	1
bluff	bluff	317	215	257	198	6.22	2.5024	2.56	2.3345	5	N/A	2	8	singleword.	2	1	2	3	0	0	0	0	0	0	0	0	0	0	0	0	0	0	0	0	bluff	147	1	7	1.8	4	1
fleet	fleet	540	217	454	192	10.59	2.7332	2.59	2.3385	5	510	2	8	singleword.	2	2	1	3	0	0	0	0	0	0	0	0	0	0	0	0	0	0	0	0	fleet	229	4	7	1.65	4	1
plot	plot	591	410	557	393	11.59	2.7723	4.89	2.6138	4	420	2	8	singleword.	4	1	0	3	0	0	0	0	0	0	0	0	0	0	0	0	0	0	0	0	plot	74	9	7	1.3	4	1
pink	pink	1452	812	1139	711	28.47	3.1623	9.68	2.9101	4	N/A	2	8	singleword.	3	0	2	3	0	0	0	0	0	0	0	0	0	0	0	0	0	0	0	0	pink	182	24	7	1	4	1
snuff	snuff	102	61	82	53	2	2.0128	0.73	1.7924	5	N/A	2	9	singleword.	4	1	0	4	0	0	0	0	0	0	0	0	0	0	0	0	0	0	0	0	N/A	75	3	7	1.7	4	1
flock	flock	237	162	221	154	4.65	2.3766	1.93	2.2122	5	516	2	9	singleword.	2	1	0	6	0	0	0	0	0	0	0	0	0	0	0	0	0	0	0	0	N/A	223	6	7	1.6	4	1
slam	slam	296	239	246	220	5.8	2.4728	2.85	2.3802	4	N/A	2	7	singleword.	3	1	0	3	0	0	0	0	0	0	0	0	0	0	0	0	0	0	0	0	N/A	105	20	8	1	4	1
tense	tense	522	386	504	381	10.24	2.7185	4.6	2.5877	5	422	2	7	singleword.	1	1	3	2	0	0	0	0	0	0	0	0	0	0	0	0	0	0	0	0	tense	251	6	8	1.45	4	1
halt	Halt	575	369	207	164	11.27	2.7604	4.4	2.5682	4	417	2	7	singleword.	1	3	0	2	0	0	0	0	1	0	0	0	0	0	0	0	0	0	0	0	halt	152	15	8	1	4	1
gloss	gloss	74	65	74	65	1.45	1.8751	0.77	1.8195	5	N/A	2	8	singleword.	3	1	0	4	0	0	0	0	0	0	0	0	0	0	0	0	0	0	0	0	N/A	175	5	8	1.6	4	1
rent	rent	1762	1062	1690	1029	34.55	3.2463	12.66	3.0265	4	469	2	8	singleword.	2	2	0	3	1	0	0	0	0	0	0	0	0	0	0	0	0	0	0	0	rent	142	21	8	1	4	1
grate	grate	52	42	49	41	1.02	1.7243	0.5	1.6335	5	424	2	9	singleword.	3	3	0	3	0	0	0	0	0	0	0	0	0	0	0	0	0	0	0	0	grate	337	12	8	1	4	1
stalk	stalk	86	79	81	75	1.69	1.9395	0.94	1.9031	5	440	2	9	singleword.	2	2	0	5	0	0	0	0	0	0	0	0	0	0	0	0	0	0	0	0	stalk	195	5	8	1.65	4	1
stoop	stoop	125	113	113	105	2.45	2.1004	1.35	2.0569	5	N/A	3	9	singleword.	1	3	0	5	0	0	0	0	0	0	0	0	0	0	0	0	0	0	0	0	N/A	210	10	8	1.4	4	1
bunk	bunk	320	235	302	222	6.27	2.5065	2.8	2.3729	4	N/A	2	4	singleword.	0	1	0	3	0	0	0	0	0	0	0	0	0	0	0	0	0	0	0	0	N/A	134	18	9	1	4	1
bent	bent	368	301	317	285	7.22	2.567	3.59	2.48	4	N/A	2	7	singleword.	0	0	2	4	1	0	0	0	0	0	0	0	0	0	0	0	0	0	0	0	bent	152	27	9	1	4	1
slick	slick	350	263	240	218	6.86	2.5453	3.14	2.4216	5	N/A	2	7	singleword.	2	0	3	2	0	0	0	0	0	0	0	0	0	0	0	0	0	0	0	0	slick	234	10	10	1.35	4	1
spat	spat	79	72	75	69	1.55	1.9031	0.86	1.8633	4	N/A	4	7	singleword.	0	2	0	4	1	0	0	0	0	0	0	0	0	0	0	0	0	0	0	0	N/A	68	13	10	1	4	1
troll	troll	138	54	107	48	2.71	2.143	0.64	1.7404	5	N/A	2	5	singleword.	3	1	0	1	0	0	0	0	0	0	0	0	0	0	0	0	0	0	0	0	N/A	242	2	11	1.7	4	1
host	host	766	511	698	481	15.02	2.8848	6.09	2.7093	4	N/A	3	6	singleword.	1	0	0	5	0	0	0	0	0	0	0	0	0	0	0	0	0	0	0	0	host	145	12	11	1.05	4	1
crab	crab	352	188	241	150	6.9	2.5478	2.24	2.2765	4	589	2	9	singleword.	0	3	0	6	0	0	0	0	0	0	0	0	0	0	0	0	0	0	0	0	crab	90	9	11	1.4	4	1
bridge	bridge	2331	1046	1847	889	45.71	3.3677	12.47	3.0199	6	608	2	7	singleword.	1	0	0	6	0	0	0	0	0	0	0	0	0	0	0	0	0	0	0	0	bridge	355	2	12	1.6	4	1
flight	flight	3044	1358	2524	1255	59.69	3.4836	16.19	3.1332	6	N/A	2	7	singleword.	0	0	0	7	0	0	0	0	0	0	0	0	0	0	0	0	0	0	0	0	flight	246	5	12	1.55	4	1
flag	flag	892	497	781	454	17.49	2.9509	5.93	2.6972	4	607	4	8	singleword.	3	2	0	3	0	0	0	0	0	0	0	0	0	0	0	0	0	0	0	0	flag	87	14	12	1.1	4	1
camp	camp	2612	1094	2309	1016	51.22	3.4171	13.04	3.0394	4	588	2	9	singleword.	0	3	1	5	0	0	0	0	0	0	0	0	0	0	0	0	0	0	0	0	camp	128	11	12	1	4	1
test	test	4288	2095	4126	2053	84.08	3.6324	24.98	3.3214	4	528	2	7	singleword.	1	3	0	3	0	0	0	0	0	0	0	0	0	0	0	0	0	0	0	0	test	116	17	13	1	4	1
band	band	2724	1122	2485	1057	53.41	3.4354	13.38	3.0504	4	579	2	7	singleword.	2	1	0	4	0	0	0	0	0	0	0	0	0	0	0	0	0	0	0	0	band	178	19	14	1	4	1
cant	cant	119	47	112	45	2.33	2.0792	0.56	1.6812	4	N/A	2	11	singleword.	2	4	0	5	0	0	0	0	0	0	0	0	0	0	0	0	0	0	0	0	N/A	191	19	6	1	4	1
vault	vault	614	237	588	231	12.04	2.7889	2.83	2.3766	5	550	2	11	singleword.	3	3	0	5	0	0	0	0	0	0	0	0	0	0	0	0	0	0	0	0	vault	114	4	6	1.75	4	1
span	span	101	86	95	81	1.98	2.0086	1.03	1.9395	4	381	2	10	singleword.	4	0	0	6	0	0	0	0	0	0	0	0	0	0	0	0	0	0	0	0	span	77	10	7	1.1	4	1
stud	stud	354	269	321	250	6.94	2.5502	3.21	2.4314	4	N/A	2	11	singleword.	2	0	1	8	0	0	0	0	0	0	0	0	0	0	0	0	0	0	0	0	stud	38	5	7	1.55	4	1
spit	spit	987	742	803	627	19.35	2.9948	8.85	2.871	4	N/A	2	10	singleword.	4	2	0	4	0	0	0	0	0	0	0	0	0	0	0	0	0	0	0	0	spit	64	12	8	1	4	1
staff	staff	1632	987	1457	923	32	3.213	11.77	2.9948	5	478	2	10	singleword.	1	0	2	7	0	0	0	0	0	0	0	0	0	0	0	0	0	0	0	0	staff	188	3	8	1.8	4	1
grave	grave	1340	881	1285	868	26.27	3.1274	10.5	2.9455	5	619	4	12	singleword.	2	0	4	5	0	0	1	0	0	0	0	0	0	0	0	0	0	0	0	0	grave	288	9	8	1.15	4	1
spill	spill	432	356	353	302	8.47	2.6365	4.24	2.5527	5	N/A	2	11	singleword.	4	2	0	5	0	0	0	0	0	0	0	0	0	0	0	0	0	0	0	0	spill	214	8	9	1.45	4	1
spray	spray	492	342	459	320	9.65	2.6928	4.08	2.5353	5	559	2	10	singleword.	2	2	0	6	0	0	0	0	0	0	0	0	0	0	0	0	0	0	0	0	spray	162	3	9	1.65	4	1
plane	plane	4872	1691	4782	1671	95.53	3.6878	20.16	3.2284	5	556	2	10	singleword.	1	2	2	5	0	0	0	0	0	0	0	0	0	0	0	0	0	0	0	0	plane	299	6	9	1.35	4	1
stake	stake	847	666	819	652	16.61	2.9284	7.94	2.8241	5	506	2	12	singleword.	5	0	0	7	0	0	0	0	0	0	0	0	0	0	0	0	0	0	0	0	stake	202	11	9	1.25	4	1
drill	drill	701	466	658	450	13.75	2.8463	5.56	2.6693	5	571	3	18	singleword.	7	3	0	8	0	0	0	0	0	0	0	0	0	0	0	0	0	0	0	0	drill	274	7	9	1.5	4	1
blaze	blaze	107	77	88	72	2.1	2.0334	0.92	1.8921	5	N/A	3	11	singleword.	3	3	0	5	0	0	0	0	0	0	0	0	0	0	0	0	0	0	0	0	blaze	184	6	10	1.4	4	1
spell	spell	1869	884	1798	855	36.65	3.2718	10.54	2.9469	5	429	3	11	singleword.	4	1	0	6	0	0	0	0	0	0	0	0	0	0	0	0	0	0	0	0	spell	178	9	10	1.4	4	1
bust	bust	1406	928	1312	893	27.57	3.1483	11.06	2.968	4	N/A	2	12	singleword.	5	2	1	4	0	0	0	0	0	0	0	0	0	0	0	0	0	0	0	0	N/A	132	16	10	1	4	1
stem	stem	114	95	112	93	2.24	2.0607	1.13	1.9823	4	533	3	16	singleword.	5	2	0	9	0	0	0	0	0	0	0	0	0	0	0	0	0	0	0	0	stem	46	7	10	1.45	4	1
pump	pump	645	458	550	412	12.65	2.8102	5.46	2.6618	4	556	2	13	singleword.	7	4	0	2	0	0	0	0	0	0	0	0	0	0	0	0	0	0	0	0	pump	93	14	11	1.1	4	1
clip	clip	290	222	257	201	5.69	2.4639	2.65	2.3483	4	N/A	2	16	singleword.	7	2	0	7	0	0	0	0	0	0	0	0	0	0	0	0	0	0	0	0	N/A	56	9	11	1.4	4	1
count	count	4588	2655	3618	2421	89.96	3.6617	31.65	3.4242	5	459	3	21	singleword.	8	6	0	7	0	0	0	0	0	0	0	0	0	0	0	0	0	0	0	0	count	323	3	11	1.65	4	1
trap	trap	1216	806	1107	757	23.84	3.0853	9.61	2.9069	4	N/A	3	14	singleword.	4	1	0	9	0	0	0	0	0	0	0	0	0	0	0	0	0	0	0	0	trap	102	9	12	1.25	4	1
smack	smack	485	371	417	333	9.51	2.6866	4.42	2.5705	5	601	4	15	singleword.	3	3	0	7	0	0	2	0	0	0	0	0	0	0	0	0	0	0	0	0	N/A	146	5	12	1.6	4	1
mount	Mount	597	400	198	164	11.71	2.7767	4.77	2.6031	5	N/A	2	11	singleword.	5	3	0	3	0	0	0	0	0	0	0	0	0	0	0	0	0	0	0	0	N/A	278	3	13	1.7	4	1
rank	rank	433	325	416	314	8.49	2.6375	3.87	2.5132	4	N/A	2	14	singleword.	2	3	4	5	0	0	0	0	0	0	0	0	0	0	0	0	0	0	0	0	rank	176	17	13	1	4	1
box	box	4577	2353	4355	2296	89.75	3.6607	28.05	3.3718	3	591	3	16	singleword.	4	3	0	9	0	0	0	0	0	0	0	0	0	0	0	0	0	0	0	0	box	25	23	13	1	4	1
fold	fold	440	320	370	292	8.63	2.6444	3.81	2.5065	4	N/A	2	20	singleword.	9	4	0	7	0	0	0	0	0	0	0	0	0	0	0	0	0	0	0	0	fold	120	14	13	1.1	4	1
trace	trace	989	699	860	646	19.39	2.9956	8.33	2.8451	5	384	2	12	singleword.	5	2	0	5	0	0	0	0	0	0	0	0	0	0	0	0	0	0	0	0	trace	294	7	14	1.35	4	1
stall	stall	457	335	372	300	8.96	2.6609	3.99	2.5263	5	N/A	2	18	singleword.	4	5	0	9	0	0	0	0	0	0	0	0	0	0	0	0	0	0	0	0	stall	231	8	14	1.45	4	1
spike	Spike	625	185	123	92	12.25	2.7966	2.21	2.2695	5	573	2	11	singleword.	5	0	0	6	0	0	0	0	0	0	0	0	0	0	0	0	0	0	0	0	spike	144	7	15	1.4	4	1
brush	brush	722	584	645	534	14.16	2.8591	6.96	2.7672	5	570	2	10	singleword.	3	1	0	6	0	0	0	0	0	0	0	0	0	0	0	0	0	0	0	0	brush	194	4	14	1.7	4	1
wind	wind	3028	1818	2731	1702	59.37	3.4813	21.67	3.2598	4	535	2	25	singleword.	9	5	0	11	0	0	0	0	0	0	0	0	0	0	0	0	0	0	0	0	wind	166	19	15	1	4	1
flip	flip	728	488	563	436	14.27	2.8627	5.82	2.6893	4	N/A	3	12	singleword.	3	4	2	3	0	0	0	0	0	0	0	0	0	0	0	0	0	0	0	0	flip	61	7	16	1.5	4	1
fret	fret	95	87	91	83	1.86	1.9823	1.04	1.9445	4	N/A	3	13	singleword.	4	4	0	5	0	0	0	0	0	0	0	0	0	0	0	0	0	0	0	0	N/A	84	10	16	1.3	4	1
bolt	bolt	351	226	263	202	6.88	2.5465	2.69	2.356	4	551	2	15	singleword.	4	4	0	6	0	0	1	0	0	0	0	0	0	0	0	0	0	0	0	0	bolt	171	17	16	1	4	1
bound	bound	940	738	891	705	18.43	2.9736	8.8	2.8686	5	N/A	4	13	singleword.	1	3	5	4	0	0	0	0	0	0	0	0	0	0	0	0	0	0	0	0	bound	251	7	17	1.45	4	1
crash	crash	1461	892	1336	840	28.65	3.1649	10.63	2.9509	5	N/A	2	15	singleword.	3	6	1	5	0	0	0	0	0	0	0	0	0	0	0	0	0	0	0	0	crash	304	5	17	1.65	4	1
slack	slack	302	257	287	251	5.92	2.4814	3.06	2.4116	5	N/A	2	12	singleword.	2	1	5	3	0	0	1	0	0	0	0	0	0	0	0	0	0	0	0	0	N/A	275	9	18	1.4	4	1
bank	bank	4334	1590	3822	1482	84.98	3.637	18.96	3.2017	4	560	2	12	singleword.	3	3	0	6	0	0	0	0	0	0	0	0	0	0	0	0	0	0	0	0	bank	184	21	18	1	4	1
scale	scale	485	391	469	383	9.51	2.6866	4.66	2.5933	5	463	3	17	singleword.	4	2	0	11	0	0	0	0	0	0	0	0	0	0	0	0	0	0	0	0	scale	200	8	18	1.4	4	1
flush	flush	478	352	432	329	9.37	2.6803	4.2	2.5478	5	530	4	20	singleword.	4	4	4	6	0	0	2	0	0	0	0	0	0	0	0	0	0	0	0	0	flush	193	5	18	1.65	4	1
pound	pound	708	493	671	475	13.88	2.8506	5.88	2.6937	5	553	3	15	singleword.	4	3	0	8	0	0	0	0	0	0	0	0	0	0	0	0	0	0	0	0	pound	236	7	20	1.55	4	1
post	post	1654	1005	1205	835	32.43	3.2188	11.98	3.0026	4	518	3	15	singleword.	5	2	0	6	0	0	2	0	0	0	0	0	0	0	0	0	0	0	0	0	post	147	18	23	1	4	1
press	press	3070	1683	2707	1520	60.2	3.4873	20.06	3.2263	5	N/A	2	17	singleword.	8	3	0	6	0	0	0	0	0	0	0	0	0	0	0	0	0	0	0	0	press	203	7	24	1.55	4	1
slip	slip	1320	1043	1237	998	25.88	3.1209	12.43	3.0187	4	497	2	21	singleword.	6	6	0	9	0	0	0	0	0	0	0	0	0	0	0	0	0	0	0	0	slip	59	11	24	1.3	4	1
flat	flat	1337	913	1233	866	26.22	3.1265	10.88	2.9609	4	N/A	2	17	singleword.	0	0	7	6	0	0	4	0	0	0	0	0	0	0	0	0	0	0	0	0	flat	113	17	26	1	4	1
stick	stick	4953	2995	4136	2677	97.12	3.695	35.71	3.4765	5	517	2	21	singleword.	7	7	0	7	0	0	0	0	0	0	0	0	0	0	0	0	0	0	0	0	stick	240	7	26	1.35	4	1
prayer	prayer	805	564	752	537	15.78	2.9063	6.72	2.752	6	492	2	5	singleword.	0	0	0	5	0	0	0	0	0	0	0	0	0	0	0	0	0	0	0	0	prayer	1238	4	5	1.65	4	1
chump	chump	209	150	201	147	4.1	2.3222	1.79	2.179	5	N/A	2	5	singleword.	1	1	0	3	0	0	0	0	0	0	0	0	0	0	0	0	0	0	0	0	N/A	176	7	1	1.5	4	1
chink	Chink	73	36	24	18	1.43	1.8692	0.43	1.5682	5	429	2	6	singleword.	3	1	0	2	0	0	0	0	0	0	0	0	0	0	0	0	0	0	0	0	N/A	332	10	6	1.4	4	1
launch	launch	1018	395	885	364	19.96	3.0082	4.71	2.5977	6	N/A	2	8	singleword.	3	2	0	3	0	0	0	0	0	0	0	0	0	0	0	0	0	0	0	0	launch	365	2	8	1.85	4	1
punch	punch	1514	943	1318	857	29.69	3.1804	11.24	2.975	5	527	3	10	singleword.	4	1	0	5	0	0	0	0	0	0	0	0	0	0	0	0	0	0	0	0	punch	270	5	6	1.65	4	1
clutch	clutch	127	82	118	78	2.49	2.1072	0.98	1.9191	6	N/A	2	12	singleword.	3	1	0	8	0	0	0	0	0	0	0	0	0	0	0	0	0	0	0	0	N/A	274	1	10	1.9	4	1
scram	scram	179	137	96	76	3.51	2.2553	1.63	2.1399	5	N/A	2	3	singleword.	1	1	0	1	0	0	0	0	0	0	0	0	0	0	0	0	0	0	0	0	N/A	129	3	1	1.65	5	1
midst	midst	175	157	167	156	3.43	2.2455	1.87	2.1987	5	N/A	2	5	singleword.	0	0	0	4	0	0	0	0	0	0	1	0	0	0	0	0	0	0	0	0	N/A	195	1	1	1.85	5	1
spank	spank	173	135	142	111	3.39	2.2405	1.61	2.1335	5	522	2	3	singleword.	1	1	0	1	0	0	0	0	0	0	0	0	0	0	0	0	0	0	0	0	spank	235	7	2	1.4	5	1
strut	strut	80	64	71	59	1.57	1.9085	0.76	1.8129	5	437	2	4	singleword.	0	1	0	3	0	0	0	0	0	0	0	0	0	0	0	0	0	0	0	0	N/A	175	4	3	1.7	5	1
smelt	smelt	52	44	50	43	1.02	1.7243	0.52	1.6532	5	473	3	4	singleword.	2	0	0	1	1	0	0	0	0	0	0	0	0	0	0	0	0	0	0	0	smelt	86	2	3	1.8	5	1
tract	tract	73	56	71	54	1.43	1.8692	0.67	1.7559	5	N/A	2	3	singleword.	0	0	0	3	0	0	0	0	0	0	0	0	0	0	0	0	0	0	0	0	N/A	256	4	4	1.7	5	1
stunt	stunt	469	291	447	289	9.2	2.6721	3.47	2.4654	5	429	2	6	singleword.	1	1	0	4	0	0	0	0	0	0	0	0	0	0	0	0	0	0	0	0	N/A	236	6	4	1.55	5	1
spruce	spruce	56	35	48	30	1.1	1.7559	0.42	1.5563	6	532	2	5	singleword.	1	1	1	2	0	0	0	0	0	0	0	0	0	0	0	0	0	0	0	0	N/A	237	0	5	2	5	1
cramp	cramp	143	109	128	104	2.8	2.1584	1.3	2.0414	5	N/A	2	9	singleword.	2	1	2	4	0	0	0	0	0	0	0	0	0	0	0	0	0	0	0	0	cramp	285	6	5	1.4	5	1
stripe	stripe	74	53	65	49	1.45	1.8751	0.63	1.7324	6	562	2	6	singleword.	1	0	0	5	0	0	0	0	0	0	0	0	0	0	0	0	0	0	0	0	stripe	397	7	6	1.3	5	1
scrap	scrap	223	170	196	160	4.37	2.3502	2.03	2.233	5	N/A	2	8	singleword.	1	1	2	4	0	0	0	0	0	0	0	0	0	0	0	0	0	0	0	0	scrap	120	4	7	1.6	5	1
squash	squash	223	162	201	150	4.37	2.3502	1.93	2.2122	6	N/A	2	10	singleword.	2	3	0	5	0	0	0	0	0	0	0	0	0	0	0	0	0	0	0	0	squash	150	1	4	1.85	5	1
strip	strip	800	596	610	480	15.69	2.9036	7.11	2.776	5	N/A	2	9	singleword.	5	2	0	2	0	0	0	0	0	0	0	0	0	0	0	0	0	0	0	0	strip	187	5	19	1.55	5	1
graft	graft	84	49	79	48	1.65	1.9294	0.58	1.699	5	404	2	13	singleword.	3	3	0	7	0	0	0	0	0	0	0	0	0	0	0	0	0	0	0	0	graft	241	6	5	1.5	5	1
scrub	scrub	318	216	234	191	6.24	2.5038	2.58	2.3365	5	N/A	2	12	singleword.	4	1	2	5	0	0	0	0	0	0	0	0	0	0	0	0	0	0	0	0	scrub	91	3	6	1.8	5	1
plump	plump	75	62	70	59	1.47	1.8808	0.74	1.7993	5	N/A	2	11	singleword.	2	2	2	2	0	0	3	0	0	0	0	0	0	0	0	0	0	0	0	0	N/A	149	5	7	1.6	5	1
strain	strain	361	291	354	287	7.08	2.5587	3.47	2.4654	6	402	2	20	singleword.	7	4	0	9	0	0	0	0	0	0	0	0	0	0	0	0	0	0	0	0	strain	481	2	21	1.75	5	1
ground	ground	3696	2265	3572	2223	72.47	3.5678	27	3.3553	6	513	2	16	singleword.	4	1	4	6	1	0	0	0	0	0	0	0	0	0	0	0	0	0	0	0	ground	375	1	23	1.75	5	1
strand	strand	94	64	52	45	1.84	1.9777	0.76	1.8129	6	431	2	10	singleword.	3	2	0	5	0	0	0	0	0	0	0	0	0	0	0	0	0	0	0	0	strand	443	0	7	1.85	6	1
alley	alley	831	562	718	516	16.29	2.9201	6.7	2.7505	5	572	2	6	singleword.	0	0	0	6	0	0	0	0	0	0	0	0	0	0	0	0	0	0	0	0	alley	209	5	2	1.55	3	2
lying	lying	4472	2733	4319	2687	87.69	3.6506	32.58	3.4368	5	N/A	2	4	singleword.	0	0	1	1	2	0	0	0	0	0	0	0	0	0	0	0	0	0	0	0	N/A	194	3	2	1.65	4	2
rabble	rabble	54	42	51	42	1.06	1.7404	0.5	1.6335	6	N/A	2	5	singleword.	2	0	0	3	0	0	0	0	0	0	0	0	0	0	0	0	0	0	0	0	N/A	638	7	2	1.6	4	2
gobble	gobble	120	39	91	36	2.35	2.0828	0.46	1.6021	6	N/A	2	5	singleword.	2	2	0	1	0	0	0	0	0	0	0	0	0	0	0	0	0	0	0	0	N/A	559	6	3	1.55	4	2
beetle	beetle	105	57	75	47	2.06	2.0253	0.68	1.7634	6	640	3	7	singleword.	2	1	1	3	0	0	0	0	0	0	0	0	0	0	0	0	0	0	0	0	beetle	591	1	6	1.9	4	2
cola	Cola	282	55	60	35	5.53	2.4518	0.66	1.7482	4	N/A	2	2	singleword.	0	0	0	2	0	0	0	0	0	0	0	0	0	0	0	0	0	0	0	0	N/A	169	16	2	1	4	2
kitty	Kitty	1362	363	578	208	26.71	3.1345	4.33	2.5611	5	N/A	2	4	singleword.	0	0	0	4	0	0	0	0	0	0	0	0	0	0	0	0	0	0	0	0	N/A	242	7	4	1.65	4	2
mare	mare	148	85	113	65	2.9	2.1732	1.01	1.9345	4	529	2	2	singleword.	0	0	0	2	0	0	0	0	0	0	0	0	0	0	0	0	0	0	0	0	mare	248	38	2	1	4	2
rose	Rose	2704	831	689	462	53.02	3.4322	9.91	2.9201	4	623	2	8	singleword.	0	0	3	4	1	0	0	0	0	0	0	0	0	0	0	0	0	0	0	0	rose	118	22	4	1	4	2
pace	pace	488	337	344	280	9.57	2.6893	4.02	2.5289	4	N/A	2	13	singleword.	5	3	0	4	0	0	0	0	0	0	1	0	0	0	0	0	0	0	0	0	N/A	119	21	10	1	4	2
mate	mate	1491	650	1386	628	29.24	3.1738	7.75	2.8136	4	506	2	12	singleword.	3	2	0	6	0	0	0	0	1	0	0	0	0	0	0	0	0	0	0	0	mate	173	28	12	1	4	2
sewer	sewer	240	186	230	180	4.71	2.382	2.22	2.2718	5	538	2	2	singleword.	0	0	0	2	0	0	0	0	0	0	0	0	0	0	0	0	0	0	0	0	N/A	394	6	3	1.55	4	2
tower	tower	1165	540	696	387	22.84	3.0667	6.44	2.7332	5	596	2	4	singleword.	0	2	0	2	0	0	0	0	0	0	0	0	0	0	0	0	0	0	0	0	tower	445	13	4	1.2	4	2
tire	tire	631	383	589	371	12.37	2.8007	4.57	2.5843	4	511	2	5	singleword.	2	2	0	1	0	0	0	0	0	0	0	0	0	0	0	0	0	0	0	0	tire	121	18	5	1	4	2
utter	utter	257	195	183	168	5.04	2.4116	2.32	2.2923	5	370	2	2	singleword.	1	0	1	0	0	0	0	0	0	0	0	0	0	0	0	0	0	0	0	0	N/A	390	3	6	1.4	4	2
shower	shower	2097	1299	2040	1275	41.12	3.3218	15.49	3.1139	6	615	2	10	singleword.	2	2	0	6	0	0	0	0	0	0	0	0	0	0	0	0	0	0	0	0	shower	1223	2	11	1.8	4	2
bossy	bossy	89	68	75	59	1.75	1.9542	0.81	1.8388	5	N/A	3	3	singleword.	0	0	2	1	0	0	0	0	0	0	0	0	0	0	0	0	0	0	0	0	N/A	225	3	1	1.8	4	2
cosy	cosy	103	72	72	64	2.02	2.017	0.86	1.8633	4	N/A	2	2	singleword.	0	0	2	0	0	0	0	0	0	0	0	0	0	0	0	0	0	0	0	0	N/A	126	8	2	1.5	4	2
tacky	tacky	134	108	119	99	2.63	2.1303	1.29	2.0374	5	N/A	2	2	singleword.	0	0	2	0	0	0	0	0	0	0	0	0	0	0	0	0	0	0	0	0	N/A	294	7	2	1.6	4	2
noodle	noodle	148	111	127	102	2.9	2.1732	1.32	2.0492	6	530	2	2	singleword.	0	1	0	1	0	0	0	0	0	0	0	0	0	0	0	0	0	0	0	0	N/A	606	5	2	1.7	4	2
caddy	caddy	145	80	78	33	2.84	2.1644	0.95	1.9085	5	N/A	2	3	singleword.	0	1	0	2	0	0	0	0	0	0	0	0	0	0	0	0	0	0	0	0	N/A	247	6	2	1.6	4	2
waffle	waffle	108	71	79	57	2.12	2.0374	0.85	1.8573	6	N/A	2	4	singleword.	0	1	1	2	0	0	0	0	0	0	0	0	0	0	0	0	0	0	0	0	N/A	477	3	2	1.75	4	2
dotty	Dotty	57	16	13	10	1.12	1.7634	0.19	1.2304	5	N/A	2	5	singleword.	0	0	5	0	0	0	0	0	0	0	0	0	0	0	0	0	0	0	0	0	N/A	273	3	2	1.8	4	2
dory	Dory	185	16	8	7	3.63	2.2695	0.19	1.2304	4	N/A	2	2	singleword.	0	0	0	2	0	0	0	0	0	0	0	0	0	0	0	0	0	0	0	0	N/A	165	16	3	1	4	2
hobby	hobby	354	262	325	251	6.94	2.5502	3.12	2.42	5	494	2	2	singleword.	0	0	0	2	0	0	0	0	0	0	0	0	0	0	0	0	0	0	0	0	hobby	179	7	3	1.65	4	2
barrow	Barrow	61	26	10	9	1.2	1.7924	0.31	1.4314	6	N/A	3	3	singleword.	0	0	0	3	0	0	0	0	0	0	0	0	0	0	0	0	0	0	0	0	N/A	618	9	3	1.45	4	2
buggy	buggy	127	74	108	72	2.49	2.1072	0.88	1.8751	5	N/A	2	4	singleword.	0	0	2	2	0	0	0	0	0	0	0	0	0	0	0	0	0	0	0	0	buggy	161	6	3	1.7	4	2
coma	coma	626	362	606	355	12.27	2.7973	4.32	2.5599	4	N/A	2	4	singleword.	0	0	0	4	0	0	0	0	0	0	0	0	0	0	0	0	0	0	0	0	coma	127	14	3	1.1	4	2
pussy	pussy	1309	545	1158	500	25.67	3.1173	6.5	2.7372	5	N/A	2	4	singleword.	0	0	1	3	0	0	0	0	0	0	0	0	0	0	0	0	0	0	0	0	N/A	186	7	3	1.6	4	2
rifle	rifle	743	385	712	371	14.57	2.8716	4.59	2.5866	5	581	2	5	singleword.	2	0	0	3	0	0	0	0	0	0	0	0	0	0	0	0	0	0	0	0	rifle	147	1	3	1.65	4	2
jerky	jerky	116	87	105	82	2.27	2.0682	1.04	1.9445	5	N/A	2	2	singleword.	0	0	1	1	0	0	0	0	0	0	0	0	0	0	0	0	0	0	0	0	N/A	242	3	4	1.8	4	2
tuna	tuna	408	244	317	206	8	2.6117	2.91	2.3892	4	N/A	2	4	singleword.	0	0	0	4	0	0	0	0	0	0	0	0	0	0	0	0	0	0	0	0	tuna	111	6	4	1.5	4	2
tattoo	tattoo	610	336	559	317	11.96	2.786	4.01	2.5276	6	N/A	2	4	singleword.	1	0	0	3	0	0	0	0	0	0	0	0	0	0	0	0	0	0	0	0	N/A	443	0	4	2.2	4	2
bully	bully	368	264	322	236	7.22	2.567	3.15	2.4232	5	N/A	2	6	singleword.	1	1	1	2	0	0	0	0	1	0	0	0	0	0	0	0	0	0	0	0	bully	340	15	4	1.2	4	2
rocky	Rocky	807	232	86	79	15.82	2.9074	2.77	2.3674	5	N/A	2	6	singleword.	0	0	6	0	0	0	0	0	0	0	0	0	0	0	0	0	0	0	0	0	N/A	254	5	4	1.65	4	2
raven	Raven	159	59	55	30	3.12	2.2041	0.7	1.7782	5	N/A	2	6	singleword.	1	2	1	2	0	0	0	0	0	0	0	0	0	0	0	0	0	0	0	0	N/A	275	10	5	1.3	4	2
cotton	cotton	723	345	515	304	14.18	2.8597	4.11	2.5391	6	562	2	8	singleword.	0	0	0	8	0	0	0	0	0	0	0	0	0	0	0	0	0	0	0	0	cotton	686	0	5	1.9	4	2
burden	burden	501	391	462	383	9.82	2.7007	4.66	2.5933	6	499	2	5	singleword.	1	0	0	4	0	0	0	0	0	0	0	0	0	0	0	0	0	0	0	0	burden	688	1	6	1.9	4	2
diet	diet	784	557	654	475	15.37	2.8949	6.64	2.7466	4	486	2	7	singleword.	1	2	0	4	0	0	0	0	0	0	0	0	0	0	0	0	0	0	0	0	diet	95	10	6	1.3	4	2
lighten	lighten	301	272	182	165	5.9	2.48	3.24	2.4362	7	N/A	2	9	singleword.	5	4	0	0	0	0	0	0	0	0	0	0	0	0	0	0	0	0	0	0	N/A	770	4	7	1.75	4	2
riddle	riddle	231	113	187	104	4.53	2.3655	1.35	2.0569	6	455	2	7	singleword.	2	2	0	3	0	0	0	0	0	0	0	0	0	0	0	0	0	0	0	0	riddle	578	7	8	1.45	4	2
angle	angle	761	557	733	546	14.92	2.882	6.64	2.7466	5	503	2	11	singleword.	2	3	0	6	0	0	0	0	0	0	0	0	0	0	0	0	0	0	0	0	angle	130	5	8	1.3	4	2
rally	rally	368	207	343	196	7.22	2.567	2.47	2.3181	5	N/A	2	14	singleword.	4	5	0	5	0	0	0	0	0	0	0	0	0	0	0	0	0	0	0	0	N/A	377	7	10	1.35	4	2
settle	settle	2143	1526	1855	1374	42.02	3.3312	18.19	3.1838	6	N/A	2	13	singleword.	5	7	0	1	0	0	0	0	0	0	0	0	0	0	0	0	0	0	0	0	N/A	672	5	23	1.55	4	2
novel	novel	513	297	504	293	10.06	2.711	3.54	2.4742	5	547	2	2	singleword.	0	0	1	1	0	0	0	0	0	0	0	0	0	0	0	0	0	0	0	0	novel	231	3	4	1.7	4	2
bugle	bugle	88	49	65	38	1.73	1.9494	0.58	1.699	5	N/A	3	6	singleword.	1	2	0	3	0	0	0	0	0	0	0	0	0	0	0	0	0	0	0	0	bugle	181	2	4	1.7	5	2
temple	temple	895	409	576	292	17.55	2.9523	4.88	2.6128	6	547	3	6	singleword.	0	0	0	6	0	0	0	0	0	0	0	0	0	0	0	0	0	0	0	0	temple	527	1	4	1.8	5	2
staple	staple	57	51	50	46	1.12	1.7634	0.61	1.716	6	N/A	2	10	singleword.	2	0	2	6	0	0	0	0	0	0	0	0	0	0	0	0	0	0	0	0	staple	585	1	7	1.75	5	2
hiding	hiding	2207	1567	2081	1508	43.27	3.344	18.68	3.1953	6	N/A	2	3	singleword.	0	0	0	3	0	0	0	0	0	0	0	0	0	0	0	0	0	0	0	0	N/A	850	6	1	1.6	5	2
fuller	Fuller	241	73	25	25	4.73	2.3838	0.87	1.8692	6	N/A	2	3	singleword.	0	0	0	3	0	0	0	0	0	0	0	0	0	0	0	0	0	0	0	0	N/A	1517	8	3	1.5	5	2
boring	boring	1398	1012	1277	953	27.41	3.1458	12.06	3.0056	6	390	2	4	singleword.	0	0	1	3	0	0	0	0	0	0	0	0	0	0	0	0	0	0	0	0	boring	1128	10	3	1.35	5	2
thinner	thinner	115	97	110	94	2.25	2.0645	1.16	1.9912	7	N/A	2	3	singleword.	0	0	1	2	0	0	0	0	0	0	0	0	0	0	0	0	0	0	0	0	N/A	1394	3	1	1.8	5	2
bongo	Bongo	137	32	19	15	2.69	2.1399	0.38	1.5185	5	N/A	2	2	singleword.	0	0	0	2	0	0	0	0	0	0	0	0	0	0	0	0	0	0	0	0	N/A	294	6	2	1.5	5	2
tanner	Tanner	188	29	4	3	3.69	2.2765	0.35	1.4771	6	N/A	2	2	singleword.	0	0	1	1	0	0	0	0	0	0	0	0	0	0	0	0	0	0	0	0	N/A	1502	7	2	1.55	5	2
poker	poker	819	435	751	418	16.06	2.9138	5.19	2.6395	5	N/A	2	2	singleword.	0	0	0	2	0	0	0	0	0	0	0	0	0	0	0	0	0	0	0	0	poker	474	10	2	1.35	5	2
barker	Barker	149	30	4	4	2.92	2.1761	0.36	1.4914	6	N/A	2	3	singleword.	0	0	0	3	0	0	0	0	0	0	0	0	0	0	0	0	0	0	0	0	N/A	1718	10	2	1.35	5	2
prior	prior	422	336	379	312	8.27	2.6263	4.01	2.5276	5	274	2	3	singleword.	0	0	2	1	0	0	0	0	0	0	0	0	0	0	0	0	0	0	0	0	N/A	236	0	2	1.8	5	2
bowler	bowler	67	34	54	31	1.31	1.8325	0.41	1.5441	6	N/A	2	2	singleword.	0	0	0	2	0	0	0	0	0	0	0	0	0	0	0	0	0	0	0	0	N/A	1447	7	3	1.55	5	2
liner	liner	62	55	59	53	1.22	1.7993	0.66	1.7482	5	N/A	2	5	singleword.	0	0	0	5	0	0	0	0	0	0	0	0	0	0	0	0	0	0	0	0	N/A	594	14	3	1	5	2
revere	Revere	57	41	17	15	1.12	1.7634	0.49	1.6232	6	N/A	2	2	singleword.	1	0	0	1	0	0	0	0	0	0	0	0	0	0	0	0	0	0	0	0	N/A	652	3	4	1.65	5	2
cashier	cashier	167	116	158	113	3.27	2.2253	1.38	2.0682	7	N/A	2	3	singleword.	1	0	0	2	0	0	0	0	0	0	0	0	0	0	0	0	0	0	0	0	cashier	1871	1	4	1.85	5	2
ringer	ringer	85	63	71	54	1.67	1.9345	0.75	1.8062	6	N/A	2	4	singleword.	0	0	0	4	0	0	0	0	0	0	0	0	0	0	0	0	0	0	0	0	N/A	1475	11	4	1.25	5	2
lighter	lighter	457	356	440	345	8.96	2.6609	4.24	2.5527	7	458	2	4	singleword.	1	0	0	3	0	0	0	0	0	0	0	0	0	0	0	0	0	0	0	0	lighter	1553	6	4	1.55	5	2
rubber	rubber	714	468	648	449	14	2.8543	5.58	2.6712	6	599	2	10	singleword.	0	0	1	9	0	0	0	0	0	0	0	0	0	0	0	0	0	0	0	0	rubber	1194	5	7	1.6	5	2
mortar	mortar	117	69	86	61	2.29	2.0719	0.82	1.8451	6	449	2	6	singleword.	1	0	0	5	0	0	0	0	0	0	0	0	0	0	0	0	0	0	0	0	N/A	449	1	4	1.9	5	2
shiver	shiver	78	50	67	47	1.53	1.8976	0.6	1.7076	6	578	2	7	singleword.	2	3	0	2	0	0	0	0	0	0	0	0	0	0	0	0	0	0	0	0	shiver	1321	3	4	1.55	5	2
elder	Elder	359	108	107	82	7.04	2.5563	1.29	2.0374	5	N/A	2	7	singleword.	0	0	3	4	0	0	0	0	0	0	0	0	0	0	0	0	0	0	0	0	N/A	377	4	4	1.6	5	2
tucker	Tucker	366	76	5	5	7.18	2.5647	0.91	1.8865	6	N/A	2	3	singleword.	1	0	0	2	0	0	0	0	0	0	0	0	0	0	0	0	0	0	0	0	N/A	1451	10	5	1.4	5	2
putter	putter	70	36	53	32	1.37	1.8513	0.43	1.5682	6	N/A	3	4	singleword.	0	1	0	3	0	0	0	0	0	0	0	0	0	0	0	0	0	0	0	0	N/A	1551	12	5	1.25	5	2
hooker	hooker	598	327	499	306	11.73	2.7774	3.9	2.5159	6	N/A	3	4	singleword.	0	0	0	4	0	0	0	0	0	0	0	0	0	0	0	0	0	0	0	0	N/A	1528	11	5	1.4	5	2
former	former	932	719	840	665	18.27	2.9699	8.57	2.8573	6	283	2	5	singleword.	0	0	4	1	0	0	0	0	0	0	0	0	0	0	0	0	0	0	0	0	N/A	1367	6	5	1.6	5	2
batter	batter	203	98	164	85	3.98	2.3096	1.17	1.9956	6	N/A	3	5	singleword.	2	1	0	2	0	0	0	0	0	0	0	0	0	0	0	0	0	0	0	0	N/A	1703	17	5	1	5	2
liver	liver	729	428	676	402	14.29	2.8633	5.1	2.6325	5	571	3	6	singleword.	0	0	1	5	0	0	0	0	0	0	0	0	0	0	0	0	0	0	0	0	liver	491	17	5	1	5	2
buffet	buffet	226	179	212	167	4.43	2.356	2.13	2.2553	6	N/A	2	8	singleword.	1	1	1	5	0	0	0	0	0	0	0	0	0	0	0	0	0	0	0	0	N/A	391	4	5	1.75	5	2
meter	meter	317	230	278	224	6.22	2.5024	2.74	2.3636	5	N/A	3	6	singleword.	1	0	0	5	0	0	0	0	0	0	0	0	0	0	0	0	0	0	0	0	meter	481	5	6	1.55	5	2
caper	caper	90	52	81	49	1.76	1.959	0.62	1.7243	5	N/A	2	6	singleword.	0	1	0	5	0	0	0	0	0	0	0	0	0	0	0	0	0	0	0	0	N/A	502	11	7	1.2	5	2
turner	Turner	574	172	3	3	11.25	2.7597	2.05	2.238	6	345	2	3	singleword.	0	0	0	3	0	0	0	0	0	0	0	0	0	0	0	0	0	0	0	0	N/A	1359	2	8	1.8	5	2
porter	Porter	795	210	106	65	15.59	2.9009	2.5	2.3243	6	536	2	3	singleword.	0	0	0	3	0	0	0	0	0	0	0	0	0	0	0	0	0	0	0	0	N/A	1634	7	8	1.55	5	2
beaver	Beaver	246	127	112	76	4.82	2.3927	1.51	2.1072	6	612	2	4	singleword.	0	0	0	4	0	0	0	0	0	0	0	0	0	0	0	0	0	0	0	0	beaver	1407	10	8	1.4	5	2
buffer	buffer	85	50	78	48	1.67	1.9345	0.6	1.7076	6	459	2	7	singleword.	2	0	0	5	0	0	0	0	0	0	0	0	0	0	0	0	0	0	0	0	N/A	1186	6	8	1.6	5	2
repair	repair	450	350	417	329	8.82	2.6542	4.17	2.5453	6	440	2	8	singleword.	3	1	0	4	0	0	0	0	0	0	0	0	0	0	0	0	0	0	0	0	repair	382	1	8	1.9	5	2
bowman	Bowman	182	26	1	1	3.57	2.2625	0.31	1.4314	6	N/A	2	2	singleword.	0	0	0	2	0	0	0	0	0	0	0	0	0	0	0	0	0	0	0	0	N/A	432	4	1	1.8	5	2
cottage	cottage	270	164	247	156	5.29	2.433	1.96	2.2175	7	607	2	4	singleword.	0	0	0	4	0	0	0	0	0	0	0	0	0	0	0	0	0	0	0	0	cottage	800	1	1	1.9	5	2
felon	felon	128	101	126	100	2.51	2.1106	1.2	2.0086	5	N/A	2	2	singleword.	0	0	0	2	0	0	0	0	0	0	0	0	0	0	0	0	0	0	0	0	N/A	221	1	2	1.85	5	2
rejoin	rejoin	64	60	60	57	1.25	1.8129	0.72	1.7853	6	N/A	2	6	singleword.	3	3	0	0	0	0	0	0	0	0	0	0	0	0	0	0	0	0	0	0	N/A	410	0	2	1.95	5	2
pupil	pupil	160	116	153	114	3.14	2.2068	1.38	2.0682	5	572	2	2	singleword.	0	0	0	2	0	0	0	0	0	0	0	0	0	0	0	0	0	0	0	0	pupil	110	1	3	1.9	5	2
council	council	863	386	450	241	16.92	2.9365	4.6	2.5877	7	405	2	2	singleword.	0	0	0	2	0	0	0	0	0	0	0	0	0	0	0	0	0	0	0	0	N/A	648	0	3	2.75	5	2
limbo	limbo	121	63	97	56	2.37	2.0864	0.75	1.8062	5	N/A	2	3	singleword.	0	0	0	3	0	0	0	0	0	0	0	0	0	0	0	0	0	0	0	0	N/A	186	5	3	1.65	5	2
husky	Husky	81	35	30	27	1.59	1.9138	0.42	1.5563	5	N/A	2	4	singleword.	0	0	3	1	0	0	0	0	0	0	0	0	0	0	0	0	0	0	0	0	husky	178	7	3	1.6	5	2
rating	rating	112	86	110	85	2.2	2.0531	1.03	1.9395	6	310	2	2	singleword.	0	0	0	2	0	0	0	0	0	0	0	0	0	0	0	0	0	0	0	0	N/A	1033	11	4	1.05	5	2
funky	funky	259	188	222	170	5.08	2.415	2.24	2.2765	5	N/A	2	3	singleword.	0	0	3	0	0	0	0	0	0	0	0	0	0	0	0	0	0	0	0	0	N/A	237	6	4	1.6	5	2
pitcher	pitcher	165	107	154	100	3.24	2.2201	1.28	2.0334	7	N/A	2	4	singleword.	0	0	0	4	0	0	0	0	0	0	0	0	0	0	0	0	0	0	0	0	pitcher	1622	7	4	1.6	5	2
piano	piano	1268	597	1152	559	24.86	3.1035	7.12	2.7767	5	630	2	4	singleword.	0	0	1	2	0	0	1	0	0	0	0	0	0	0	0	0	0	0	0	0	piano	183	0	4	1.85	5	2
earnest	earnest	80	72	78	70	1.57	1.9085	0.86	1.8633	7	N/A	2	5	singleword.	0	0	2	3	0	0	0	0	0	0	0	0	0	0	0	0	0	0	0	0	N/A	926	0	4	1.95	5	2
undone	undone	125	111	124	110	2.45	2.1004	1.32	2.0492	6	N/A	2	5	singleword.	0	0	4	0	1	0	0	0	0	0	0	0	0	0	0	0	0	0	0	0	N/A	314	1	4	2	5	2
supply	supply	952	700	873	652	18.67	2.9791	8.35	2.8457	6	340	2	10	singleword.	3	1	0	5	0	0	1	0	0	0	0	0	0	0	0	0	0	0	0	0	supply	424	1	7	1.95	5	2
lining	lining	231	199	223	192	4.53	2.3655	2.37	2.301	6	N/A	2	5	singleword.	0	0	0	5	0	0	0	0	0	0	0	0	0	0	0	0	0	0	0	0	N/A	1011	8	4	1.45	5	2
quarry	quarry	78	55	69	50	1.53	1.8976	0.66	1.7482	6	N/A	3	6	singleword.	2	0	0	4	0	0	0	0	0	0	0	0	0	0	0	0	0	0	0	0	N/A	287	0	4	2	5	2
desert	desert	1427	730	1230	645	27.98	3.1547	8.7	2.8639	6	N/A	3	9	singleword.	2	1	2	4	0	0	0	0	0	0	0	0	0	0	0	0	0	0	0	0	desert	536	0	4	1.85	5	2
colon	colon	129	95	112	86	2.53	2.1139	1.13	1.9823	5	N/A	3	4	singleword.	0	0	0	4	0	0	0	0	0	0	0	0	0	0	0	0	0	0	0	0	N/A	330	4	5	1.65	5	2
maroon	maroon	61	25	35	20	1.2	1.7924	0.3	1.415	6	503	2	4	singleword.	2	0	1	1	0	0	0	0	0	0	0	0	0	0	0	0	0	0	0	0	maroon	760	1	6	1.85	5	2
affect	affect	568	482	566	481	11.14	2.7551	5.75	2.6839	6	N/A	2	4	singleword.	3	0	0	1	0	0	0	0	0	0	0	0	0	0	0	0	0	0	0	0	affect	110	1	6	2.45	5	2
wrinkle	wrinkle	96	81	92	79	1.88	1.9868	0.97	1.9138	7	N/A	2	6	singleword.	2	1	0	3	0	0	0	0	0	0	0	0	0	0	0	0	0	0	0	0	wrinkle	658	2	7	1.75	5	2
rocket	rocket	604	288	470	245	11.84	2.7818	3.43	2.4609	6	612	2	8	singleword.	0	3	0	5	0	0	0	0	0	0	0	0	0	0	0	0	0	0	0	0	rocket	708	9	7	1.45	5	2
stable	stable	673	488	648	472	13.2	2.8287	5.82	2.6893	6	537	2	8	singleword.	1	1	4	2	0	0	0	0	0	0	0	0	0	0	0	0	0	0	0	0	stable	621	2	7	1.55	5	2
relief	relief	744	607	709	588	14.59	2.8722	7.24	2.7839	6	432	2	7	singleword.	0	0	0	7	0	0	0	0	0	0	0	0	0	0	0	0	0	0	0	0	relief	578	3	11	1.8	5	2
swallow	swallow	649	476	533	432	12.73	2.8129	5.67	2.6785	7	554	2	10	singleword.	5	1	0	4	0	0	0	0	0	0	0	0	0	0	0	0	0	0	0	0	swallow	263	1	11	1.9	5	2
counsel	counsel	726	399	613	366	14.24	2.8615	4.76	2.6021	7	N/A	2	12	singleword.	4	2	0	6	0	0	0	0	0	0	0	0	0	0	0	0	0	0	0	0	counsel	790	0	3	2.3	5	2
boxing	boxing	370	174	297	152	7.25	2.5694	2.07	2.243	6	N/A	2	4	singleword.	0	0	0	4	0	0	0	0	0	0	0	0	0	0	0	0	0	0	0	0	boxing	856	5	2	1.7	6	2
sounding	sounding	193	172	182	164	3.78	2.2878	2.05	2.238	8	N/A	2	3	singleword.	0	0	2	1	0	0	0	0	0	0	0	0	0	0	0	0	0	0	0	0	N/A	3141	6	5	1.65	6	2
flatter	flatter	200	184	190	177	3.92	2.3032	2.19	2.2672	7	N/A	2	7	singleword.	3	1	0	3	0	0	0	0	0	0	0	0	0	0	0	0	0	0	0	0	N/A	1773	6	1	1.5	6	2
toaster	toaster	198	118	184	113	3.88	2.2989	1.41	2.0755	7	580	2	2	singleword.	0	0	0	2	0	0	0	0	0	0	0	0	0	0	0	0	0	0	0	0	toaster	1681	4	2	1.7	6	2
banker	banker	243	160	225	150	4.76	2.3874	1.91	2.2068	6	565	3	4	singleword.	0	0	0	4	0	0	0	0	0	0	0	0	0	0	0	0	0	0	0	0	banker	1650	14	2	1.2	6	2
hamper	hamper	72	60	71	59	1.41	1.8633	0.72	1.7853	6	N/A	2	2	singleword.	1	0	0	1	0	0	0	0	0	0	0	0	0	0	0	0	0	0	0	0	hamper	1412	6	4	1.65	6	2
painter	painter	344	192	311	187	6.75	2.5378	2.29	2.2856	7	565	2	3	singleword.	0	0	0	3	0	0	0	0	0	0	0	0	0	0	0	0	0	0	0	0	painter	1773	4	4	1.75	6	2
lumber	lumber	126	83	105	74	2.47	2.1038	0.99	1.9243	6	530	2	4	singleword.	1	2	0	1	0	0	0	0	0	0	0	0	0	0	0	0	0	0	0	0	lumber	1184	5	4	1.55	6	2
skipper	Skipper	523	134	197	79	10.25	2.7193	1.6	2.1303	7	N/A	2	4	singleword.	1	0	0	3	0	0	0	0	0	0	0	0	0	0	0	0	0	0	0	0	N/A	1250	3	4	1.7	6	2
dresser	dresser	182	159	178	156	3.57	2.2625	1.9	2.2041	7	556	2	3	singleword.	0	0	0	3	0	0	0	0	0	0	0	0	0	0	0	0	0	0	0	0	dresser	1439	3	5	1.75	6	2
jumper	jumper	117	84	98	76	2.29	2.0719	1	1.9294	6	N/A	2	6	singleword.	0	0	0	6	0	0	0	0	0	0	0	0	0	0	0	0	0	0	0	0	N/A	1311	4	7	1.75	6	2
founder	founder	108	90	91	82	2.12	2.0374	1.07	1.959	7	339	3	7	singleword.	1	4	0	2	0	0	0	0	0	0	0	0	0	0	0	0	0	0	0	0	N/A	1478	5	7	1.6	6	2
counter	counter	709	540	677	518	13.9	2.8513	6.44	2.7332	7	N/A	3	10	singleword.	1	1	1	6	0	0	1	0	0	0	0	0	0	0	0	0	0	0	0	0	counter	1931	3	13	1.8	6	2
tender	tender	453	380	412	353	8.88	2.6571	4.53	2.5809	6	429	3	12	singleword.	3	0	5	4	0	0	0	0	0	0	0	0	0	0	0	0	0	0	0	0	tender	1481	13	18	1.3	6	2
taxis	taxis	52	44	42	37	1.02	1.7243	0.52	1.6532	5	N/A	2	3	singleword.	0	0	0	3	0	0	0	0	0	0	0	0	0	0	0	0	0	0	0	0	N/A	157	2	2	1.8	6	2
costly	costly	79	73	74	70	1.55	1.9031	0.87	1.8692	6	N/A	2	4	singleword.	0	0	4	0	0	0	0	0	0	0	0	0	0	0	0	0	0	0	0	0	N/A	657	1	2	1.95	6	2
repent	repent	123	77	90	66	2.41	2.0934	0.92	1.8921	6	N/A	2	4	singleword.	1	2	1	0	0	0	0	0	0	0	0	0	0	0	0	0	0	0	0	0	N/A	522	5	2	1.7	6	2
cortex	cortex	57	45	52	43	1.12	1.7634	0.54	1.6628	6	N/A	2	6	singleword.	0	0	0	6	0	0	0	0	0	0	0	0	0	0	0	0	0	0	0	0	N/A	813	3	2	1.85	6	2
cosmic	cosmic	184	131	161	118	3.61	2.2672	1.56	2.1206	6	N/A	2	6	singleword.	0	0	6	0	0	0	0	0	0	0	0	0	0	0	0	0	0	0	0	0	N/A	412	0	2	2.15	6	2
cocktail	cocktail	555	429	518	402	10.88	2.7451	5.11	2.6335	8	604	2	6	singleword.	0	0	2	4	0	0	0	0	0	0	0	0	0	0	0	0	0	0	0	0	cocktail	722	0	2	2.8	6	2
cosmos	Cosmos	153	46	44	37	3	2.1875	0.55	1.6721	6	N/A	2	8	singleword.	0	0	0	8	0	0	0	0	0	0	0	0	0	0	0	0	0	0	0	0	N/A	402	0	2	2	6	2
refrain	refrain	104	97	99	93	2.04	2.0212	1.16	1.9912	7	370	2	3	singleword.	0	1	0	2	0	0	0	0	0	0	0	0	0	0	0	0	0	0	0	0	refrain	671	1	3	2.25	6	2
cricket	cricket	144	94	98	74	2.82	2.1614	1.12	1.9777	7	N/A	2	4	singleword.	0	1	0	3	0	0	0	0	0	0	0	0	0	0	0	0	0	0	0	0	cricket	782	0	3	1.9	6	2
refund	refund	141	109	134	106	2.76	2.1523	1.3	2.0414	6	N/A	2	5	singleword.	3	1	0	1	0	0	0	0	0	0	0	0	0	0	0	0	0	0	0	0	N/A	372	0	3	1.95	6	2
intent	intent	286	236	281	232	5.61	2.4579	2.81	2.3747	6	N/A	2	5	singleword.	0	0	3	2	0	0	0	0	0	0	0	0	0	0	0	0	0	0	0	0	intent	364	3	3	1.8	6	2
converse	converse	66	62	50	48	1.29	1.8261	0.74	1.7993	8	N/A	2	4	singleword.	0	1	1	2	0	0	0	0	0	0	0	0	0	0	0	0	0	0	0	0	N/A	1009	2	4	1.8	6	2
commune	commune	67	44	64	43	1.31	1.8325	0.52	1.6532	7	N/A	2	4	singleword.	0	2	0	2	0	0	0	0	0	0	0	0	0	0	0	0	0	0	0	0	N/A	642	1	4	1.8	6	2
incense	incense	92	70	84	65	1.8	1.9685	0.83	1.8513	7	555	2	4	singleword.	2	0	0	2	0	0	0	0	0	0	0	0	0	0	0	0	0	0	0	0	incense	410	1	4	2.25	6	2
console	console	114	93	109	91	2.24	2.0607	1.11	1.9731	7	N/A	2	4	singleword.	1	0	0	3	0	0	0	0	0	0	0	0	0	0	0	0	0	0	0	0	console	845	1	5	2.15	6	2
refuse	refuse	1070	849	1051	834	20.98	3.0298	10.12	2.9294	6	419	2	5	singleword.	2	1	1	1	0	0	0	0	0	0	0	0	0	0	0	0	0	0	0	0	refuse	399	4	7	1.6	6	2
impress	impress	520	424	502	413	10.2	2.7168	5.05	2.6284	7	N/A	2	7	singleword.	4	1	0	2	0	0	0	0	0	0	0	0	0	0	0	0	0	0	0	0	N/A	542	1	8	2.3	6	2
corrupt	corrupt	271	224	263	219	5.31	2.4346	2.67	2.3522	7	N/A	2	22	singleword.	10	2	10	0	0	0	0	0	0	0	0	0	0	0	0	0	0	0	0	0	corrupt	658	0	8	2.6	6	2
present	present	4562	2622	4340	2544	89.45	3.6593	31.26	3.4188	7	481	2	13	singleword.	6	0	5	2	0	0	0	0	0	0	0	0	0	0	0	0	0	0	0	0	present	746	1	18	1.8	6	2
strapping	strapping	51	50	45	44	1	1.716	0.6	1.7076	9	N/A	2	3	singleword.	0	0	1	2	0	0	0	0	0	0	0	0	0	0	0	0	0	0	0	0	N/A	2696	3	1	1.8	7	2
exploit	exploit	125	117	122	114	2.45	2.1004	1.39	2.0719	7	N/A	2	3	singleword.	2	0	0	1	0	0	0	0	0	0	0	0	0	0	0	0	0	0	0	0	N/A	326	0	4	2.55	7	2
entrance	entrance	800	609	784	601	15.69	2.9036	7.26	2.7853	8	493	2	4	singleword.	1	0	0	3	0	0	0	0	0	0	0	0	0	0	0	0	0	0	0	0	entrance	657	0	5	2.5	7	2
costume	costume	721	395	706	390	14.14	2.8585	4.71	2.5977	7	538	2	8	singleword.	2	0	0	6	0	0	0	0	0	0	0	0	0	0	0	0	0	0	0	0	costume	675	0	6	2.45	7	2
content	content	389	319	370	306	7.63	2.5911	3.8	2.5051	7	391	2	8	singleword.	1	0	1	6	0	0	0	0	0	0	0	0	0	0	0	0	0	0	0	0	content	995	6	10	1.65	7	2
compact	compact	86	70	76	63	1.69	1.9395	0.83	1.8513	7	462	2	10	singleword.	2	0	5	3	0	0	0	0	0	0	0	0	0	0	0	0	0	0	0	0	compact	630	0	11	2.25	7	2
compound	compound	361	239	345	228	7.08	2.5587	2.85	2.3802	8	N/A	2	14	singleword.	4	2	3	5	0	0	0	0	0	0	0	0	0	0	0	0	0	0	0	0	compound	770	0	11	2.6	7	2
pro	pro	722	490	664	462	14.16	2.8591	5.84	2.6911	3	N/A	2	6	singleword.	0	0	1	4	0	0	1	0	0	0	0	0	0	0	0	0	0	0	0	0	pro	13	13	4	1	5	3
rip	rip	1028	765	855	686	20.16	3.0124	9.12	2.8842	3	N/A	3	7	singleword.	2	1	0	4	0	0	0	0	0	0	0	0	0	0	0	0	0	0	0	0	rip	26	26	8	1	5	3
opera	opera	873	376	740	338	17.12	2.9415	4.48	2.5763	5	N/A	2	4	singleword.	0	0	0	4	0	0	0	0	0	0	0	0	0	0	0	0	0	0	0	0	opera	91	0	3	1.95	5	3
policy	policy	1378	847	1351	836	27.02	3.1396	10.1	2.9284	6	N/A	2	3	singleword.	0	0	0	3	0	0	0	0	0	0	0	0	0	0	0	0	0	0	0	0	policy	400	1	3	2.1	6	3
capital	capital	648	491	574	443	12.71	2.8122	5.85	2.692	7	518	2	11	singleword.	0	0	6	5	0	0	0	0	0	0	0	0	0	0	0	0	0	0	0	0	capital	615	2	11	2.15	6	3
affected	affected	345	304	342	302	6.76	2.5391	3.62	2.4843	8	N/A	2	4	singleword.	0	0	4	0	0	0	0	0	0	0	0	0	0	0	0	0	0	0	0	0	N/A	1743	1	3	2.55	7	3
retainer	retainer	108	87	108	87	2.12	2.0374	1.04	1.9445	8	N/A	2	3	singleword.	0	0	0	3	0	0	0	0	0	0	0	0	0	0	0	0	0	0	0	0	N/A	1584	2	3	1.85	7	3
stamina	stamina	81	72	78	69	1.59	1.9138	0.86	1.8633	7	N/A	2	2	singleword.	0	0	0	2	0	0	0	0	0	0	0	0	0	0	0	0	0	0	0	0	N/A	1708	0	1	2.1	7	3
titanic	Titanic	128	96	14	14	2.51	2.1106	1.14	1.9868	7	N/A	2	3	singleword.	0	0	3	0	0	0	0	0	0	0	0	0	0	0	0	0	0	0	0	0	N/A	472	1	1	2.6	7	3
corporal	Corporal	802	281	179	109	15.73	2.9047	3.35	2.4502	8	N/A	2	2	singleword.	0	0	1	1	0	0	0	0	0	0	0	0	0	0	0	0	0	0	0	0	corporal	999	0	3	2.5	7	3
invalid	invalid	88	66	87	65	1.73	1.9494	0.79	1.8261	7	N/A	2	6	singleword.	1	0	4	1	0	0	0	0	0	0	0	0	0	0	0	0	0	0	0	0	invalid	348	0	5	2.65	7	3
intimate	intimate	355	297	343	295	6.96	2.5514	3.54	2.4742	8	495	2	8	singleword.	1	0	6	1	0	0	0	0	0	0	0	0	0	0	0	0	0	0	0	0	intimate	860	0	9	1.95	7	3
corruption	corruption	218	154	199	145	4.27	2.3404	1.84	2.1903	10	N/A	2	10	singleword.	0	0	0	10	0	0	0	0	0	0	0	0	0	0	0	0	0	0	0	0	N/A	1823	0	6	2.7	7	3
imperial	imperial	126	63	101	48	2.47	2.1038	0.75	1.8062	8	N/A	3	7	singleword.	0	0	4	3	0	0	0	0	0	0	0	0	0	0	0	0	0	0	0	0	N/A	1023	0	5	2.75	7	3
sec	sec	877	708	842	687	17.2	2.9435	8.44	2.8506	3	N/A	2	2	singleword.	0	0	1	1	0	0	0	0	0	0	0	0	0	0	0	0	0	0	0	0	N/A	20	21	4	1	8	3
cosmetic	cosmetic	92	72	81	65	1.8	1.9685	0.86	1.8633	8	N/A	2	8	singleword.	0	0	6	2	0	0	0	0	0	0	0	0	0	0	0	0	0	0	0	0	N/A	832	0	3	2.7	8	3
multiply	multiply	99	80	78	66	1.94	2	0.95	1.9085	8	N/A	2	6	singleword.	2	3	0	0	0	0	1	0	0	0	0	0	0	0	0	0	0	0	0	0	multiply	567	1	5	3.15	8	3
temporal	temporal	69	53	66	50	1.35	1.8451	0.63	1.7324	8	N/A	2	6	singleword.	0	0	5	1	0	0	0	0	0	0	0	0	0	0	0	0	0	0	0	0	N/A	619	0	7	2.55	8	3
veronica	Veronica	587	104	1	1	11.51	2.7694	1.24	2.0212	8	N/A	2	3	singleword.	0	0	0	3	0	0	0	0	0	0	0	0	0	0	0	0	0	0	0	0	N/A	647	0	1	2.85	8	4
pop	Pop	3441	1548	1595	1163	67.47	3.5368	18.45	3.1901	3	N/A	3	20	singleword.	6	6	2	5	0	0	1	0	0	0	0	0	0	0	0	0	0	0	0	0	pop	26	29	19	1	9	4
